8D5U5524.png,0.737296,1,0.6260784,0.88893,1,0.8319701,0.7352384,1,0.6542108,0.9599387,1,0.9180825,0.7885181,1,0.6762797,0.8357225,1,0.742749,0.8200504,1,0.7317006
8D5U5525.png,0.7187906,1,0.6323975,0.8906802,1,0.8510401,0.7794826,1,0.6131155,0.9580327,1,0.928939,0.8330632,1,0.6782229,0.9171412,1,0.8393492,1,1,1
8D5U5526.png,0.8216786,1,0.4178323,0.9427308,1,0.8151267,0.7512339,1,0.489323,0.9713953,1,0.8736516,0.860675,1,0.5901086,0.9067804,1,0.6900205,0.9912566,1,0.8543536
8D5U5533.png,0.623542,1,0.7158006,0.8626364,1,0.8755134,0.6485085,1,0.6900346,0.9411998,1,0.9470952,0.6878216,1,0.7263149,0.8074362,1,0.8147385,0.8514962,1,0.9660364
8D5U5534.png,0.8250194,1,0.597851,0.9665091,1,0.8753688,0.9067729,1,0.6059741,0.9945313,1,0.9367781,1.000703,1,0.743392,0.9726447,1,0.8433764,0.9015156,1,0.7946417
8D5U5535.png,0.6608187,1,0.6520468,0.8569146,1,0.866219,0.63066,1,0.6760285,0.9389629,1,0.9435279,0.7081708,1,0.7478545,0.8000145,1,0.8062006,0.8677369,1,0.9802423
8D5U5536.png,0.5662869,1,0.8176366,0.9388405,1,0.9547474,0.7418566,1,0.7877386,0.9556617,1,0.967078,0.8269828,1,0.876435,0.8991559,1,0.9181759,1.02094,1,1.112785
8D5U5539.png,0.7014134,1,0.6369258,0.8399996,1,0.8077874,0.7244468,1,0.6843969,0.9424298,1,0.9182383,0.7268275,1,0.6634078,0.8552734,1,0.8041277,0.9814145,1,0.9239033
8D5U5540.png,0.5457587,1,0.9098603,0.7532951,1,0.9029712,0.6034742,1,0.8430945,0.9046776,1,0.9467748,0.5685317,1,0.863165,0.7026875,1,0.8660085,0.8043183,1,0.9531548
8D5U5541.png,0.5445026,1,1.173251,0.7914306,1,0.9613033,0.6143701,1,0.932257,0.8778226,1,0.9668521,0.7089787,1,0.9700627,0.7270967,1,0.9080488,1,1,1
8D5U5543.png,0.5545659,1,0.8797331,0.756979,1,0.8850719,0.6287079,1,0.8299266,0.9283668,1,0.9589693,0.6184955,1,0.8315609,0.7872343,1,0.9081834,0.8657359,1,0.9400778
8D5U5545.png,0.8528529,1,0.4294294,0.9656031,1,0.8542429,0.9217203,1,0.5335993,0.9923952,1,0.9079978,0.867004,1,0.6090304,0.9344737,1,0.7592941,0.9775767,1,0.9291659
8D5U5547.png,0.8583196,1,0.5304776,0.9776949,1,0.8729721,0.8614878,1,0.5457412,0.9939189,1,0.9164898,0.964573,1,0.6788345,0.9644894,1,0.7949927,1.015317,1,1.105061
8D5U5549.png,0.7859427,1,0.5654954,0.7612255,1,0.8364802,0.6856916,1,0.7323586,0.9426613,1,0.9471393,0.676101,1,0.7847163,0.7712158,1,0.7529782,1,1,1
8D5U5550.png,0.8051949,1,0.538961,0.7895789,1,0.8724364,0.6113921,1,0.8071789,0.9544763,1,0.9422376,0.6066704,1,0.8031561,0.8246126,1,0.8427885,0.7701839,1,0.9116655
8D5U5554.png,0.8522853,1,0.5094759,0.960469,1,0.7377475,0.9513937,1,0.4435745,0.9994293,1,0.8450337,0.9328751,1,0.5406842,1.014242,1,0.6699539,1,1,0.9875944
8D5U5556.png,0.8676844,1,0.4300255,0.9179486,1,0.8019164,0.791834,1,0.4941721,0.9694233,1,0.8842156,0.842346,1,0.5794793,0.8975402,1,0.7009781,0.9774611,1,0.9130719
8D5U5557.png,0.849315,1,0.436073,0.9539466,1,0.7627872,0.8613763,1,0.6520167,0.9815029,1,0.9240356,0.9401646,1,0.6501735,0.9091008,1,0.7629725,1,1,1
8D5U5561.png,0.5936978,1,0.8278381,0.7217292,1,0.8922792,0.602826,1,0.8264369,0.9069176,1,0.9159331,0.6228863,1,0.8488896,0.8055816,1,0.8415265,1,1,1
8D5U5562.png,0.5884219,1,0.8568596,0.8424372,1,0.9257603,0.7312132,1,0.81748,0.9019276,1,0.9239329,0.865125,1,0.9508174,0.8069708,1,0.8516809,1,1,1
8D5U5565.png,0.5820423,1,0.8542254,0.862571,1,0.7518441,0.7638536,1,0.5688853,0.9298115,1,0.8490394,0.8193414,1,0.6656638,0.8408393,1,0.7540005,1,1,1
8D5U5568.png,0.9553159,1,0.4745763,1.022764,1,0.8872988,1.035799,1,0.7133988,1.011395,1,0.895792,1.055819,1,0.7226967,1.048274,1,0.768402,1.039209,1,0.9938161
8D5U5569.png,0.6720002,1,0.7392002,0.8311768,1,0.8679156,0.7118566,1,0.7181656,0.9563839,1,0.9518614,0.7308403,1,0.7616339,0.917419,1,0.8888471,0.9316701,1,1
8D5U5571.png,1.314487,1,0.2756184,1.069559,1,0.8719784,1.265532,1,0.594765,1.033554,1,0.8819048,1.22558,1,0.6552261,1.12299,1,0.7666581,0.9817411,1,0.9186744
8D5U5573.png,0.6755853,1,0.809699,0.8759953,1,0.8683838,0.7335683,1,0.719287,0.9589709,1,0.9419696,0.7223694,1,0.7315718,0.8504668,1,0.8257355,0.8452208,1,1.015239
8D5U5574.png,0.6195053,1,0.7994505,1.024099,1,0.9098106,1.07795,1,0.6965553,1.033705,1,0.9196725,1.027595,1,0.8303559,1.041437,1,0.8138918,1.064575,1,0.8878262
8D5U5575.png,0.5122279,1,1.193765,0.8196301,1,0.9036643,0.7025009,1,0.8277452,0.9018222,1,0.9661043,0.7959841,1,0.7944331,0.7789379,1,0.8574452,1,1,1
8D5U5576.png,0.6000815,1,0.8320423,0.9338201,1,0.9251609,0.8822811,1,0.7267453,0.9703091,1,0.9116694,0.9244884,1,0.9394739,0.9020157,1,0.7620922,1,1,1
8D5U5578.png,0.9741934,1,0.4774194,0.9355119,1,0.886621,0.8078546,1,0.7378789,0.9999004,1,0.9386564,0.7016826,1,0.7386967,0.9821324,1,0.8465179,1.025154,1,0.8887325
8D5U5579.png,0.6063461,1,0.7887952,0.8864865,1,0.9022465,0.643439,1,0.7217672,0.9466681,1,0.9588287,0.7264874,1,0.7802703,0.8340115,1,0.8435629,0.9799965,1,0.9798214
8D5U5580.png,0.9653182,1,0.5144508,0.9007249,1,0.8518594,0.8652311,1,0.6324806,0.9921123,1,0.9009749,0.9422903,1,0.7519459,0.9784661,1,0.7893933,0.9184253,1,1
8D5U5581.png,0.6427349,1,0.6905981,0.8979034,1,0.8836073,0.6956713,1,0.7425685,0.9308395,1,0.9080971,0.7699862,1,0.7765006,0.81457,1,0.7932996,1.002418,1,0.8543001
8D5U5582.png,0.5864079,1,0.7844661,0.8873073,1,0.9310245,0.605711,1,0.8623492,0.9318099,1,0.9543047,0.6758879,1,0.8568013,0.8166284,1,0.8729407,0.9146134,1,1.017329
8D5U5583.png,0.4759946,1,1.030864,0.8698217,1,0.9768125,0.5498463,1,0.9391708,0.9219829,1,0.9798167,0.7200142,1,0.9231649,0.8295516,1,0.9219964,0.8707611,1,1.223764
8D5U5584.png,0.4654955,1,1.070264,0.8416701,1,0.9500798,0.5527741,1,0.9239584,0.9096228,1,0.9871985,0.6620512,1,0.8549947,0.7494809,1,0.928743,0.8084763,1,0.9425012
8D5U5585.png,0.5734264,1,0.8611387,0.9356136,1,0.9211628,0.687315,1,0.6978576,0.9752842,1,0.9542002,0.8226435,1,0.8085331,0.9045282,1,0.8451402,0.8840786,1,0.8776326
8D5U5586.png,0.5425056,1,0.8903802,0.7685909,1,0.9907525,0.5399201,1,1.015888,0.8905471,1,0.9686857,0.5727548,1,1.017226,0.6901753,1,0.9393859,1,1,1
8D5U5587.png,0.6317935,1,0.7608696,0.970141,1,0.9289543,0.8629625,1,0.779308,0.9642325,1,0.937704,0.8919449,1,0.8119521,0.9072306,1,0.8595167,1,1,1
8D5U5588.png,0.7330862,1,0.6969419,0.8435614,1,0.7954563,0.7605769,1,0.6563143,0.9805153,1,0.9197107,0.7566593,1,0.6996623,0.8567973,1,0.7373615,0.9390097,1,0.9119097
8D5U5592.png,0.7171976,1,0.699363,0.9383632,1,0.8980009,0.7959284,1,0.7306751,0.9589322,1,0.91908,0.8586605,1,0.7793944,0.883972,1,0.8078905,0.9441498,1,1.071946
8D5U5593.png,0.7855072,1,0.6,0.9453094,1,0.8979773,0.8436436,1,0.7696918,0.9593451,1,0.9196858,0.8674263,1,0.7817579,0.8934982,1,0.8063299,0.8988873,1,0.7996651
8D5U5596.png,1.064777,1,0.4453442,1.043133,1,0.810914,1.054853,1,0.4805342,1.030958,1,0.8788654,1.076481,1,0.5376379,1.102521,1,0.7040377,0.9653425,1,0.7718493
8D5U5599.png,1.124439,1,0.3755606,1.030008,1,0.8286704,1.123427,1,0.4770118,1.009179,1,0.8683361,1.077128,1,0.6042524,1.065415,1,0.7317549,1.06512,1,0.7772188
8D5U5600.png,1.113475,1,0.3640662,1.028892,1,0.8930512,1.094508,1,0.5831761,1.024407,1,0.8953617,1.081496,1,0.7385613,1.060252,1,0.7774296,0.9055515,1,0.8857685
8D5U5601.png,0.7984221,1,0.5652798,0.9371749,1,0.8496262,0.79581,1,0.6427974,0.9571897,1,0.8868419,0.8638763,1,0.7018259,0.8902914,1,0.7427081,0.8324298,1,0.8441
8D5U5602.png,0.8083814,1,0.5703774,0.8933856,1,0.6819628,0.8178811,1,0.5871677,0.9699813,1,0.9109515,0.8600909,1,0.5606808,0.8951585,1,0.688168,1,1,0.9000687
8D5U5603.png,0.8240226,1,0.5428307,0.9092753,1,0.8382807,0.7514976,1,0.5793374,0.9698273,1,0.9111574,0.6991612,1,0.679415,0.8990656,1,0.773709,0.9309492,1,0.864498
8D5U5604.png,0.8043218,1,0.5666269,0.9345091,1,0.8430286,0.8525694,1,0.6275429,0.9696633,1,0.9002025,0.8433652,1,0.6654382,0.9009898,1,0.7474074,0.8679261,1,0.781142
8D5U5606.png,0.7163517,1,0.6040047,0.8426662,1,0.8251482,0.6803091,1,0.6488468,0.9150567,1,0.9147258,0.7385611,1,0.6926642,0.7716938,1,0.7292914,0.8673765,1,0.8693928
8D5U5611.png,1.359081,1,0.269311,1.10791,1,0.8084592,1.204049,1,0.4908505,1.077593,1,0.8525055,1.227965,1,0.5135697,1.232741,1,0.6924561,1,1,0.633402
8D5U5612.png,1.199346,1,0.375817,1.045267,1,0.8904986,1.047187,1,0.6857414,1.041736,1,0.9041605,1.104368,1,0.7333713,1.080747,1,0.7934427,0.9152165,1,0.8931993
8D5U5613.png,1.23002,1,0.2592593,1.064876,1,0.8210857,1.215406,1,0.426171,1.030844,1,0.8910436,1.121458,1,0.4859867,1.083811,1,0.7409027,1,1,0.7398032
8D5U5617.png,1.194175,1,0.3300972,1.045592,1,0.8712826,1.185374,1,0.6460038,1.028086,1,0.8875357,1.121629,1,0.6381756,1.10742,1,0.7642492,1.186085,1,0.8976117
8D5U5618.png,1.136405,1,0.3751152,1.07094,1,0.738497,1.148303,1,0.4604587,1.021731,1,0.8658775,1.124179,1,0.466265,1.110226,1,0.634303,0.9941103,1,0.9266352
8D5U5619.png,1.210174,1,0.3480589,1.055324,1,0.8375459,1.196777,1,0.4962291,1.02784,1,0.8608534,1.069717,1,0.607454,1.105418,1,0.7327361,1.08252,1,0.9047782
8D5U5620.png,1.213198,1,0.286802,1.131278,1,0.6886925,1.481039,1,0.3881613,1.064589,1,0.8360098,1.253291,1,0.4034145,1.229163,1,0.6883648,1,1,1
IMG_0281.png,0.4622771,1,0.7489712,0.7337872,1,0.8356025,0.5533645,1,0.7377264,0.9141229,1,0.9568276,0.4940799,1,0.7457989,0.7263402,1,0.8404689,0.8412146,1,1
IMG_0284.png,0.4616132,1,0.7492711,0.93065,1,0.9238096,0.7853883,1,0.8530464,0.9383888,1,0.9243304,0.8576211,1,0.8342377,0.8843646,1,0.8508764,0.7786389,1,0.8746285
IMG_0286.png,0.470817,1,0.7256808,0.8732491,1,0.9215583,0.52742,1,0.7866253,0.9165469,1,0.9426553,0.6420777,1,0.8194272,0.8056468,1,0.8752194,0.9509385,1,1.053031
IMG_0292.png,0.4930448,1,0.6846986,0.8342233,1,0.8562689,0.6001048,1,0.6859243,0.9220673,1,0.9221255,0.727813,1,0.7506583,0.8295148,1,0.8417025,0.8064851,1,0.9422446
IMG_0293.png,0.4886164,1,0.6777583,0.9032076,1,0.9131779,0.7082771,1,0.748957,0.9278221,1,0.9399516,0.7780945,1,0.7814128,0.858183,1,0.8602266,0.8450434,1,0.7808696
IMG_0296.png,0.4610984,1,0.7482839,0.9009573,1,0.9012071,0.6638233,1,0.7734007,0.9322601,1,0.9213037,0.6822508,1,0.7529432,0.8438646,1,0.8408296,0.9357135,1,0.8164179
IMG_0298.png,0.5094339,1,0.6339621,0.9468178,1,0.969718,0.8704169,1,0.949666,0.9562489,1,0.9710967,0.9048416,1,0.9290349,0.918842,1,0.9329917,0.9523198,1,1.136387
IMG_0300.png,0.4591303,1,0.7513045,0.9316117,1,0.9331735,0.714183,1,0.7686763,0.9386375,1,0.9307318,0.8021362,1,0.8349265,0.8619341,1,0.8663342,0.9585212,1,1.009901
IMG_0303.png,0.476082,1,0.7186786,0.9134718,1,0.9459619,0.7171864,1,0.8505891,0.9254222,1,0.9495057,0.7914398,1,0.8546555,0.8399209,1,0.8812185,1.046381,1,1.014819
IMG_0305.png,0.4746695,1,0.7114535,0.8925469,1,0.9422112,0.6844982,1,0.87198,0.9167161,1,0.9605333,0.6916871,1,0.8374404,0.8122372,1,0.8888347,0.9848701,1,0.9390044
IMG_0315.png,0.4756062,1,0.7186679,0.9708354,1,0.944986,0.9202997,1,0.8876542,0.9615228,1,0.9413177,0.9129459,1,0.8717971,0.9257264,1,0.8908235,1.062326,1,0.8838797
IMG_0316.png,0.4683333,1,0.7241665,0.894762,1,0.9513798,0.7485843,1,0.8682459,0.9206825,1,0.9737857,0.7074754,1,0.8680645,0.8099807,1,0.9051476,0.8662239,1,0.9139796
IMG_0317.png,0.4776939,1,0.7343857,0.9208615,1,0.9155526,0.8280302,1,0.8461302,0.9223426,1,0.9047538,0.8469257,1,0.8241774,0.8601909,1,0.8420384,0.8867358,1,0.943389
IMG_0318.png,0.4670231,1,0.7361855,0.922314,1,0.9538409,0.7475083,1,0.8563415,0.9390903,1,0.9674889,0.7603544,1,0.875018,0.8619465,1,0.9146743,0.9689428,1,1.033485
IMG_0319.png,0.477564,1,0.7099357,0.9910132,1,0.9591272,0.9771995,1,0.7977972,0.9939639,1,0.9527078,0.9506168,1,0.8442015,0.9741576,1,0.8993908,0.9995724,1,0.994346
IMG_0321.png,0.4731544,1,0.738255,0.9721908,1,0.9693026,1.007436,1,0.9997625,0.9693141,1,0.972535,0.9545606,1,0.9379366,0.954485,1,0.9460509,0.9793097,1,1.094912
IMG_0323.png,0.4731934,1,0.726107,0.8955273,1,0.9272325,0.6244704,1,0.7775944,0.9279639,1,0.9487697,0.6818382,1,0.8480355,0.826394,1,0.8688791,1.03332,1,1.066307
IMG_0324.png,0.4832868,1,0.7033424,0.9671666,1,0.9575098,0.9093822,1,0.9076256,0.9756573,1,0.9521015,0.9196909,1,0.8866043,0.9313985,1,0.8940001,1.012681,1,0.9572882
IMG_0325.png,0.4555085,1,0.6567796,0.9491651,1,0.9665747,0.7789615,1,0.7586564,0.954619,1,0.9774184,0.8582903,1,0.8751198,0.9000563,1,0.913438,0.9282473,1,0.9024998
IMG_0327.png,0.4873097,1,0.6081217,0.9437226,1,0.904263,0.8132372,1,0.6469263,0.9512918,1,0.923656,0.8693812,1,0.7363488,0.903555,1,0.8525461,0.9638685,1,0.831789
IMG_0328.png,0.4726026,1,0.7455966,0.9400791,1,0.9615536,0.7401832,1,0.8399046,0.9543484,1,0.9609935,0.8176272,1,0.8696761,0.8812357,1,0.9008386,1.05503,1,1.069723
IMG_0329.png,0.4717741,1,0.7419355,0.9477457,1,0.9612151,0.8180197,1,0.9522966,0.9393342,1,0.9497445,0.8594499,1,0.9025927,0.8981157,1,0.9260653,0.9728941,1,0.9082988
IMG_0332.png,0.4761905,1,0.7142858,0.7433307,1,0.8447752,0.5518234,1,0.7303369,0.917891,1,0.9522821,0.5361574,1,0.7221095,0.7150884,1,0.8365263,1,1,1
IMG_0333.png,0.4761904,1,0.7169312,0.8903339,1,0.9458528,0.6382511,1,0.8278097,0.9344923,1,0.9601245,0.6740354,1,0.8348382,0.8117679,1,0.9002052,0.9446492,1,1.060743
IMG_0336.png,0.4608296,1,0.7488481,0.7690694,1,0.874499,0.5336238,1,0.7562931,0.9223538,1,0.9641199,0.4989649,1,0.7480418,0.7372354,1,0.8546117,0.8849265,1,0.8363743
IMG_0339.png,0.4676081,1,0.7400333,0.9398419,1,0.9447742,0.842945,1,0.9055632,0.939679,1,0.940029,0.8579688,1,0.8761718,0.8767294,1,0.8894977,0.9656328,1,0.9837172
IMG_0341.png,0.4680557,1,0.738889,0.9557628,1,0.9685901,0.7789687,1,0.8475918,0.9566127,1,0.9738205,0.8898989,1,0.9188363,0.9085288,1,0.9369947,0.856813,1,0.8957743
IMG_0342.png,0.4695144,1,0.7540475,0.9115132,1,0.9060028,0.7125095,1,0.7792236,0.9122541,1,0.9108814,0.7790891,1,0.799235,0.827851,1,0.8301009,1.054031,1,1.025649
IMG_0343.png,0.5026861,1,0.6830394,0.9217549,1,0.9165965,0.7266944,1,0.7725974,0.9506547,1,0.9259093,0.7669903,1,0.8003047,0.8584379,1,0.8382885,0.8966637,1,0.985726
IMG_0350.png,0.4580153,1,0.7557252,0.8161688,1,0.8905126,0.5674077,1,0.7544799,0.9030185,1,0.9359211,0.5475256,1,0.7685149,0.7524981,1,0.8567246,0.8683232,1,0.8889635
IMG_0352.png,0.4833218,1,0.7181757,0.9654663,1,0.9494919,0.8076011,1,0.8627966,0.95831,1,0.9479302,0.878138,1,0.8757877,0.9121655,1,0.9041294,0.9118855,1,0.7879548
IMG_0353.png,0.4647799,1,0.7371069,0.8778733,1,0.9317479,0.6019407,1,0.7776958,0.9267254,1,0.9552073,0.6371751,1,0.8182118,0.8118037,1,0.8862852,0.8050322,1,0.9752892
IMG_0362.png,0.5227274,1,0.5643939,0.9037205,1,0.9674091,0.835944,1,0.8699639,0.9422182,1,0.9564857,0.8569398,1,0.9205114,0.8809917,1,0.9076188,1,1,1
IMG_0365.png,0.5118958,1,0.6814127,0.9532831,1,0.9565787,0.8412888,1,0.8537156,0.9592244,1,0.9634585,0.8823657,1,0.8895926,0.8871163,1,0.8919221,0.9927465,1,1.007742
IMG_0366.png,0.5082316,1,0.6789697,0.9555697,1,0.9322625,0.9123371,1,0.8660738,0.9595078,1,0.9338462,0.8880246,1,0.850753,0.8970889,1,0.8590668,0.9870504,1,0.9771383
IMG_0367.png,0.5050609,1,0.6831984,0.9145549,1,0.944535,0.689169,1,0.7704596,0.9373656,1,0.9632408,0.7614442,1,0.880246,0.844751,1,0.8974745,0.7708439,1,0.6983757
IMG_0368.png,0.4950317,1,0.6946701,0.9405621,1,0.955081,0.7505157,1,0.8242877,0.9510552,1,0.9630208,0.8423648,1,0.8835598,0.8772671,1,0.9082997,1.023104,1,0.9599548
IMG_0369.png,0.4973545,1,0.6910051,0.8823946,1,0.9349586,0.6911919,1,0.7811022,0.9147416,1,0.9455951,0.6805781,1,0.8451345,0.7935125,1,0.8669548,0.7603433,1,0.8910811
IMG_0371.png,0.464539,1,0.7500002,0.9030728,1,0.9419567,0.7253189,1,0.8343941,0.9206911,1,0.9562824,0.6864949,1,0.8415837,0.8399672,1,0.9050698,0.9139016,1,0.9072412
IMG_0375.png,0.4667046,1,0.747581,0.8826484,1,0.9309152,0.7375503,1,0.8428939,0.9518089,1,0.9570946,0.7475233,1,0.8492446,0.9142497,1,0.9153717,0.7383078,1,0.9945678
IMG_0376.png,0.4645893,1,0.7271012,0.9239503,1,0.9429211,0.7440455,1,0.8201884,0.9514267,1,0.9542228,0.7714093,1,0.8111254,0.9110221,1,0.9047735,0.728988,1,0.922589
IMG_0377.png,0.4654026,1,0.7393364,0.931576,1,0.9370078,0.6631661,1,0.7866859,0.942521,1,0.9434014,0.7985003,1,0.8512678,0.888886,1,0.8856092,0.8385621,1,1.022799
IMG_0378.png,0.470304,1,0.7658842,0.7508172,1,0.8692867,0.5053828,1,0.7563226,0.9009418,1,0.937968,0.4889269,1,0.7936538,0.7873055,1,0.878925,0.7806516,1,0.8334325
IMG_0379.png,0.4650498,1,0.7403709,0.7863569,1,0.8848659,0.5237152,1,0.739442,0.9176297,1,0.9660981,0.5357783,1,0.7665375,0.7387946,1,0.8710663,0.8115779,1,0.9170765
IMG_0381.png,0.4652713,1,0.737393,0.9687248,1,0.9547644,0.8701224,1,0.8677858,0.9694397,1,0.9468999,0.9077252,1,0.8779026,0.9208266,1,0.8878908,0.9403332,1,1.012616
IMG_0382.png,0.471246,1,0.7416134,0.850638,1,0.8912863,0.5926649,1,0.7749793,0.9373083,1,0.9370548,0.544237,1,0.7685414,0.8434146,1,0.8718776,0.7230335,1,1
IMG_0383.png,0.4663953,1,0.5835033,0.9407697,1,0.929491,0.8092941,1,0.7449583,0.9458273,1,0.9318239,0.8598015,1,0.8300228,0.8937147,1,0.863708,0.8361092,1,0.9114006
IMG_0388.png,0.4486487,1,0.7853282,0.8149858,1,0.9829601,0.7695642,1,0.9488165,0.9558875,1,0.957802,0.7378904,1,0.9856696,0.9099644,1,0.9156748,1,1,1
IMG_0390.png,0.4875061,1,0.7065165,0.9587763,1,0.9522563,0.7154995,1,0.7419991,0.9660577,1,0.9687942,0.8230159,1,0.8380335,0.9009375,1,0.9108118,0.9333307,1,0.8749975
IMG_0395.png,0.5067156,1,0.6788766,0.9188582,1,0.9260258,0.6278415,1,0.6848938,0.9399435,1,0.9319057,0.7581074,1,0.8009898,0.8601323,1,0.8648005,0.804721,1,0.8488407
IMG_0397.png,0.4725274,1,0.6872356,0.9507716,1,0.9561578,0.8368026,1,0.8393049,0.9535624,1,0.9508683,0.8754472,1,0.8805039,0.8978888,1,0.8983972,0.9688374,1,0.9981968
IMG_0398.png,0.4754232,1,0.6970184,0.8772447,1,0.9264321,0.5905382,1,0.8244936,0.9418317,1,0.9602525,0.5699532,1,0.795973,0.8547083,1,0.9089817,0.8323205,1,0.9307249
IMG_0399.png,0.5015875,1,0.6878306,0.9135093,1,0.9366216,0.6791869,1,0.8080576,0.9351883,1,0.9703254,0.6377701,1,0.7863694,0.8609477,1,0.9186694,1.010212,1,0.8586902
IMG_0404.png,0.4733421,1,0.7295191,0.8163244,1,0.9015783,0.5890218,1,0.763628,0.8983587,1,0.9583575,0.5792541,1,0.7788522,0.7320017,1,0.8570171,0.8955867,1,0.9813172
IMG_0405.png,0.4700995,1,0.7275746,0.9042951,1,0.9296354,0.6660874,1,0.7604704,0.9324677,1,0.9413931,0.7220745,1,0.8247588,0.8297131,1,0.8781297,0.8564281,1,0.8233778
IMG_0413.png,0.5044586,1,0.6649681,0.8189486,1,0.8538412,0.5631532,1,0.6741162,0.9464308,1,0.9410963,0.5895124,1,0.724837,0.8643136,1,0.8800824,1,1,1
IMG_0416.png,0.4989649,1,0.6583852,0.9616524,1,0.9682628,0.9429306,1,0.9990654,0.9535435,1,0.9584459,0.9078342,1,0.908375,0.9087413,1,0.9113531,1.011217,1,1.011962
IMG_0419.png,0.5200202,1,0.6616618,0.9612547,1,0.9443742,0.8361104,1,0.7541851,0.9656756,1,0.9531836,0.8756767,1,0.8194299,0.9088238,1,0.8804006,0.982069,1,1.032703
IMG_0420.png,0.4686869,1,0.7343435,0.9149709,1,0.914994,0.7135566,1,0.7188766,0.9292799,1,0.9283348,0.7469995,1,0.7680077,0.8681571,1,0.8755776,0.8913405,1,0.916154
IMG_0421.png,0.4715789,1,0.7263158,0.9560303,1,0.9680512,0.7515962,1,0.8683863,0.9536848,1,0.9722726,0.8362719,1,0.8781417,0.9064875,1,0.930183,1.030957,1,1.037261
IMG_0422.png,0.4709977,1,0.7343387,0.9137831,1,0.935881,0.7312035,1,0.7903167,0.9244912,1,0.9415115,0.7875789,1,0.8398236,0.8453114,1,0.8861545,0.9414941,1,0.8943225
IMG_0424.png,0.4727031,1,0.7376831,0.9152031,1,0.9437401,0.7036078,1,0.8293962,0.9272348,1,0.9435361,0.7524006,1,0.8442525,0.8591408,1,0.9055577,0.9255147,1,0.9929768
IMG_0425.png,0.4679665,1,0.7437325,0.9186995,1,0.9341866,0.6672298,1,0.8098855,0.9316027,1,0.9543417,0.6942221,1,0.7948736,0.8454436,1,0.8880663,0.9490766,1,1.015168
IMG_0427.png,0.4768645,1,0.7365271,0.8755746,1,0.9002433,0.6184008,1,0.6675025,0.944122,1,0.947581,0.678675,1,0.723125,0.890921,1,0.8913305,0.858625,1,0.9968401
IMG_0429.png,0.5913218,1,0.6014126,0.8270186,1,0.8872519,0.7088311,1,0.7760421,0.9521946,1,0.9460132,0.6095008,1,0.7694631,0.8944847,1,0.8787765,0.8842908,1,1
IMG_0432.png,0.4756691,1,0.718978,0.8449163,1,0.902715,0.6114819,1,0.7390832,0.9335809,1,0.9638049,0.5358443,1,0.7788671,0.816092,1,0.8791538,1.141352,1,0.8467122
IMG_0433.png,0.5714284,1,0.5054945,0.9462065,1,0.9205428,0.8307642,1,0.693902,0.9470214,1,0.9285151,0.8713503,1,0.8173944,0.8997071,1,0.8522882,0.9543195,1,0.9677075
IMG_0437.png,0.4753846,1,0.7215388,0.6853604,1,0.8319831,0.5027322,1,0.7674238,0.9160533,1,0.9462137,0.4817064,1,0.7580577,0.7876504,1,0.8783309,0.8031739,1,1
IMG_0438.png,0.504183,1,0.6670384,0.9249241,1,0.9446466,0.7208853,1,0.8216955,0.9400223,1,0.9562276,0.7640499,1,0.8443532,0.8544265,1,0.8990772,0.9977404,1,1.051166
IMG_0439.png,0.4570446,1,0.7835051,0.9252378,1,0.9411266,0.7326483,1,0.7996824,0.9396295,1,0.9571175,0.7725212,1,0.835107,0.8760799,1,0.9049051,1.024891,1,0.9004982
IMG_0440.png,0.5209953,1,0.6609642,0.9444298,1,0.9472695,0.8463628,1,0.8413565,0.953303,1,0.9601364,0.8543904,1,0.8798425,0.9109315,1,0.9218304,0.8669344,1,0.9116357
IMG_0443.png,0.4354019,1,0.8087489,0.9289442,1,0.9715767,0.8061889,1,0.8895793,0.9513674,1,0.9556968,0.8543713,1,0.9156949,0.8996354,1,0.9211083,1,1,1
IMG_0446.png,0.4610336,1,0.7555373,0.971975,1,0.9799108,0.8565188,1,0.8422589,0.978636,1,0.9877262,0.8759521,1,0.8795967,0.943914,1,0.9537987,0.8857897,1,0.9231632
IMG_0447.png,0.5081555,1,0.6737765,0.9177518,1,0.9355169,0.6778232,1,0.7544984,0.9339502,1,0.9397706,0.6676554,1,0.7698477,0.8500414,1,0.881263,0.9406073,1,1.063449
IMG_0450.png,0.443539,1,0.7892897,0.6674408,1,0.7949427,0.5126362,1,0.7244366,0.9236854,1,0.9566362,0.5079758,1,0.703107,0.7106659,1,0.8445154,0.852079,1,0.9565118
IMG_0452.png,0.4264973,1,0.823956,0.7648362,1,0.8652499,0.5287224,1,0.7687059,0.9180864,1,0.9628359,0.5076269,1,0.7625194,0.7848456,1,0.8985185,0.6894942,1,0.7736629
IMG_0455.png,0.4491696,1,0.773422,0.9021529,1,0.9308781,0.6046478,1,0.7392554,0.944476,1,0.9630152,0.7614266,1,0.8398769,0.8849441,1,0.9158988,0.7967664,1,0.9891215
IMG_0456.png,0.3981482,1,0.8950617,0.6653834,1,0.8119602,0.5293252,1,0.7734984,0.9268459,1,0.952066,0.4823318,1,0.7320623,0.751551,1,0.8671648,0.8538338,1,0.978912
IMG_0457.png,0.4673618,1,0.7484135,0.8630862,1,0.9175757,0.5953742,1,0.77994,0.9127015,1,0.9333446,0.623568,1,0.8814601,0.8404476,1,0.8852492,1.046751,1,0.8768209
IMG_0458.png,0.4567899,1,0.7578346,0.9340574,1,0.9545412,0.7673429,1,0.8236104,0.9304898,1,0.9533707,0.8537622,1,0.9048412,0.869469,1,0.9133383,0.9057413,1,0.9424185
IMG_0460.png,0.5509258,1,0.5740741,0.9508896,1,0.9397558,0.815243,1,0.7217028,0.9535687,1,0.9355683,0.9016759,1,0.8651492,0.9208819,1,0.8949206,0.8810048,1,0.8460902
IMG_0462.png,0.6773163,1,0.416933,0.9738685,1,0.9349447,0.9592385,1,0.8111771,0.9781136,1,0.9440676,0.9058376,1,0.81044,0.9457642,1,0.8772312,0.8305019,1,0.9401939
IMG_0466.png,0.4911536,1,0.6475585,0.8956411,1,0.8783693,0.6711293,1,0.6742367,0.9218618,1,0.9094563,0.7519506,1,0.7548102,0.8389596,1,0.8260304,0.9553979,1,0.7280537
IMG_0470.png,0.5161291,1,0.6638529,0.9096312,1,0.9337961,0.703958,1,0.78876,0.9420708,1,0.9602342,0.6421894,1,0.783361,0.8546493,1,0.9054933,1.047373,1,1.115291
IMG_0471.png,0.5287981,1,0.6477462,0.9077251,1,0.9260741,0.7297302,1,0.7446219,0.9213691,1,0.9424597,0.7334832,1,0.7737915,0.8320725,1,0.8630317,0.9569761,1,1.04773
IMG_0474.png,0.4946445,1,0.6864653,0.9468246,1,0.9429753,0.9621618,1,0.8838977,0.9419511,1,0.9392208,0.8800547,1,0.8520739,0.8973466,1,0.8729456,0.8869675,1,0.9615672
IMG_0477.png,0.482587,1,0.7089553,0.9415991,1,0.970692,0.7248675,1,0.8280823,0.9418905,1,0.9693519,0.8159952,1,0.9263538,0.8830399,1,0.9348895,0.9742789,1,1.030259
IMG_0479.png,0.4725492,1,0.7303924,0.8801394,1,0.9372047,0.7010901,1,0.7808735,0.9159112,1,0.9492323,0.6522105,1,0.8312298,0.7976069,1,0.8811522,0.8953844,1,0.945908
IMG_0480.png,0.5132742,1,0.6654865,0.9386283,1,0.9813541,0.8132811,1,0.8971041,0.9483517,1,0.9868086,0.836302,1,0.9376758,0.8552095,1,0.9501568,0.9854719,1,0.982263
IMG_0482.png,0.4124295,1,0.7853108,0.8689916,1,0.8576447,0.6105441,1,0.6526288,0.9057709,1,0.8921635,0.6090236,1,0.5902943,0.7711499,1,0.760905,0.8747089,1,0.9286443
IMG_0485.png,0.4516129,1,0.6752688,0.9582044,1,0.9736344,0.8131191,1,0.9193706,0.9332056,1,0.9548356,0.8895863,1,0.9397326,0.8501345,1,0.9009184,1,1,1
IMG_0487.png,0.4555085,1,0.7457626,0.9070601,1,0.912277,0.7922659,1,0.8215226,0.9416016,1,0.9298085,0.7543995,1,0.8239154,0.8531037,1,0.8432326,0.9802398,1,0.9268854
IMG_0491.png,0.4682081,1,0.7210985,0.7730877,1,0.8844728,0.4924052,1,0.7373822,0.9107582,1,0.9619799,0.5175658,1,0.7425208,0.7398124,1,0.871801,0.7774239,1,0.7869142
IMG_0492.png,0.4625955,1,0.7419845,0.6714968,1,0.7954675,0.5006675,1,0.6953112,0.9153918,1,0.9428402,0.4991794,1,0.7139087,0.7105882,1,0.8392689,0.8322118,1,0.9976349
IMG_0493.png,0.4490446,1,0.7547771,0.7626736,1,0.8667241,0.5216414,1,0.7006032,0.9110938,1,0.9584873,0.5412678,1,0.7390359,0.7212367,1,0.8661357,0.7098607,1,0.9317031
IMG_0498.png,0.4561736,1,0.7624884,0.7580542,1,0.8689115,0.5803925,1,0.7954922,0.9312615,1,0.9542342,0.5246351,1,0.7805408,0.8268553,1,0.8959066,0.7879454,1,1
IMG_0501.png,0.457656,1,0.7544909,0.7703526,1,0.9599485,0.548371,1,0.8292962,0.9179245,1,0.9695934,0.4533333,1,0.9432035,0.8376729,1,0.9175347,0.7110857,1,1
IMG_0502.png,0.4571077,1,0.7561274,0.9559831,1,0.9407626,0.945189,1,0.8609869,0.9570127,1,0.9420504,0.9111878,1,0.8814275,0.9218373,1,0.9071547,0.9866923,1,0.949983
IMG_0507.png,0.4505929,1,0.7351779,0.7794988,1,0.8285443,0.5670733,1,0.6584487,0.9216636,1,0.9551528,0.5684478,1,0.6718825,0.7954051,1,0.8847178,0.8723125,1,0.7885252
IMG_0508.png,0.4601327,1,0.7491691,0.9484499,1,0.9646076,0.7769436,1,0.8644999,0.9541652,1,0.9718,0.8945346,1,0.9167486,0.8994005,1,0.9181367,0.9257821,1,0.9568924
IMG_0509.png,0.4453988,1,0.7779144,0.9235684,1,0.9542374,0.7484112,1,0.8812425,0.9291414,1,0.9567477,0.8113502,1,0.8961016,0.8430379,1,0.9075866,0.8770204,1,0.8999777
IMG_0510.png,0.4463182,1,0.7858347,0.8813779,1,0.8830666,0.6662735,1,0.5823508,0.9183597,1,0.9228424,0.6867313,1,0.6811677,0.8077233,1,0.8218925,0.7315282,1,0.738735
IMG_0513.png,0.4441708,1,0.780788,0.7558069,1,0.8649754,0.5406123,1,0.7606657,0.9015403,1,0.9500584,0.5517129,1,0.768603,0.818149,1,0.9018665,0.7209125,1,0.9370565
IMG_0516.png,0.4490933,1,0.7619712,0.9259168,1,0.9115736,0.8592686,1,0.8795494,0.9276793,1,0.9219734,0.834405,1,0.8172445,0.8635192,1,0.8468589,0.9425131,1,0.9843913
IMG_0517.png,0.4534379,1,0.7554396,0.7214566,1,0.8411915,0.5409829,1,0.7396606,0.9154965,1,0.9362775,0.5034128,1,0.7425855,0.8049445,1,0.8747158,0.8099031,1,0.9487449
IMG_0520.png,0.5014327,1,0.6848137,0.926545,1,0.9714608,0.8217024,1,0.9256335,0.9347509,1,0.9640386,0.772838,1,0.9152466,0.8596777,1,0.9496348,0.9865163,1,1.020853
IMG_0521.png,0.4450601,1,0.7460756,0.7695701,1,0.9293114,0.5797647,1,0.8253582,0.9056378,1,0.9396069,0.6162269,1,0.8236951,0.8475301,1,0.8929869,1,1,1
IMG_0523.png,0.4512773,1,0.7753075,0.9321445,1,0.959748,0.6775671,1,0.8585817,0.9447662,1,0.9634194,0.6715527,1,0.881348,0.8770571,1,0.9398343,1.024783,1,0.9613896
IMG_0527.png,0.4458041,1,0.7701049,0.8060904,1,0.8976434,0.5214563,1,0.7705576,0.9251147,1,0.9470576,0.4997827,1,0.7716892,0.8041632,1,0.8850194,0.6903194,1,0.9421112
IMG_0528.png,0.442623,1,0.7923498,0.9103294,1,0.9694068,0.8538562,1,0.9231327,0.9184922,1,0.9726431,0.7573632,1,0.892188,0.8308384,1,0.9410697,0.9485176,1,0.8577204
IMG_0529.png,0.4280001,1,0.8140001,0.9556273,1,0.9437785,0.8888044,1,0.825254,0.9531913,1,0.9418083,0.8912264,1,0.872823,0.8923863,1,0.8772866,0.9725945,1,0.8646812
IMG_0531.png,0.4787484,1,0.7154663,0.6626662,1,0.8343575,0.4934018,1,0.7946978,0.8753974,1,0.937759,0.5115409,1,0.7475915,0.6601767,1,0.8565415,0.9218891,1,1
IMG_0534.png,0.5468379,1,0.6262483,0.9984035,1,0.9444671,0.9871711,1,0.7640174,0.9791194,1,0.9493167,0.9592622,1,0.8471791,0.9252458,1,0.8887207,1.422139,1,0.9146738
IMG_0543.png,0.7844993,1,0.3175803,0.9928058,1,0.9357734,1.013497,1,0.8407017,0.9958362,1,0.9448823,1.001385,1,0.8101103,0.9828145,1,0.8763099,1.050714,1,0.974188
IMG_0545.png,0.7768239,1,0.3090128,0.98694,1,0.9460312,0.9679673,1,0.7974724,0.9762625,1,0.9446577,0.9865176,1,0.8366587,0.9738746,1,0.8773063,1.115534,1,1.008444
IMG_0547.png,0.4328042,1,0.6899471,0.9596644,1,0.9611611,0.7589257,1,0.7936004,0.9648517,1,0.9695398,0.830165,1,0.8466961,0.9233375,1,0.9214543,1.093652,1,0.9930777
IMG_0551.png,0.6312292,1,0.4983388,0.8234414,1,0.8716293,0.5984166,1,0.7598924,0.9504081,1,0.9354837,0.5998551,1,0.7803167,0.9068747,1,0.8729783,0.7609522,1,1
IMG_0552.png,0.6614172,1,0.440945,0.9477157,1,0.9437975,0.7769211,1,0.7593132,0.95904,1,0.9505751,0.8793674,1,0.8883947,0.9182128,1,0.9180033,0.7735026,1,0.7826213
IMG_0553.png,0.7743433,1,0.3183926,0.9471796,1,0.7189229,0.800831,1,0.4765316,0.9710384,1,0.8640495,0.8720715,1,0.5988007,0.9332151,1,0.7856066,1,1,1
IMG_0554.png,0.7515463,1,0.3587629,0.9783271,1,0.8707043,0.817035,1,0.5488538,0.9806951,1,0.9230146,0.9230776,1,0.7713184,0.9684304,1,0.8715355,1,1,0.6547494
IMG_0555.png,0.8023406,1,0.3023407,0.9786837,1,0.759204,0.8899649,1,0.5183041,0.9891403,1,0.901915,0.917917,1,0.5967573,0.9684625,1,0.8299919,1,1,1
IMG_0556.png,0.791218,1,0.3148302,0.9821968,1,0.930731,0.9156536,1,0.6439076,0.985919,1,0.9343849,0.9419697,1,0.8520725,0.9663399,1,0.8702628,0.950558,1,0.8990446
IMG_0558.png,0.7110092,1,0.4036698,0.9517363,1,0.9313288,0.9422734,1,0.8887341,0.9577599,1,0.9303019,0.9050704,1,0.8413171,0.9268618,1,0.8741269,1.061306,1,0.9663031
IMG_0559.png,0.5584701,1,0.5726776,0.9328374,1,0.9172228,0.6785104,1,0.671282,0.9388471,1,0.9224923,0.7910273,1,0.780273,0.8828834,1,0.8555031,0.9776629,1,0.9015031
IMG_0560.png,0.8044662,1,0.3175382,0.9563201,1,0.8550106,0.8351306,1,0.6116711,0.9726624,1,0.9235733,0.8435681,1,0.5291574,0.9382364,1,0.8322464,1,1,1
IMG_0568.png,0.5902777,1,0.4930554,0.8510409,1,0.7622444,0.7809703,1,0.6217527,0.9726616,1,0.9464658,0.7742419,1,0.5983578,0.8920778,1,0.8513032,1,1,1
IMG_0571.png,0.6216215,1,0.4414414,0.9243934,1,0.7995305,0.7700476,1,0.6179166,0.9890323,1,0.9478367,0.7569768,1,0.6017155,0.9053515,1,0.8275666,1,1,1
IMG_0572.png,0.5470853,1,0.5313902,0.9459971,1,0.935238,0.8544207,1,0.8252528,0.9596197,1,0.9386651,0.8662109,1,0.8485138,0.896738,1,0.8742419,0.8774962,1,0.8344326
IMG_0574.png,0.5958397,1,0.4680536,0.9894999,1,0.959607,0.937938,1,0.8311366,0.9962555,1,0.9635508,0.9480356,1,0.8184065,0.9925709,1,0.9101148,1.021725,1,0.9474612
IMG_0577.png,0.7913386,1,0.3070866,0.9906735,1,0.9518424,0.9591921,1,0.8392892,0.9897201,1,0.9581314,0.9492278,1,0.8563592,0.9675791,1,0.8854301,1.198234,1,0.9840789
IMG_0578.png,0.7974684,1,0.2911393,0.8122354,1,0.8682042,0.7777055,1,0.7198118,0.9553003,1,0.9319934,0.6806342,1,0.7434977,0.9011223,1,0.8396004,1,1,1
IMG_0580.png,0.5718475,1,0.5278592,0.9411698,1,0.938464,0.7678463,1,0.8426023,0.9520222,1,0.9516462,0.8313935,1,0.8213504,0.8938657,1,0.8740424,0.9931259,1,1.093746
IMG_0585.png,0.4428823,1,0.6660809,0.9523955,1,0.9447216,0.7430464,1,0.6937986,0.9602463,1,0.9528934,0.8782587,1,0.8697216,0.9033718,1,0.8954569,0.9806014,1,1.060474
IMG_0588.png,0.7871201,1,0.3166369,0.9810849,1,0.8568516,0.9124034,1,0.7193874,0.9885024,1,0.9103541,0.9290903,1,0.7482942,0.959869,1,0.8280563,1,1,0.6831312
IMG_0589.png,0.791045,1,0.3093623,0.9906261,1,0.9569696,0.9363266,1,0.9327343,0.9839925,1,0.9500869,0.9708854,1,0.8821921,0.9745988,1,0.8914215,0.9636623,1,1.036293
IMG_0592.png,0.7793849,1,0.3345388,0.9802969,1,0.9587424,0.884701,1,0.7403195,0.9936573,1,0.9696575,0.8334777,1,0.7723207,0.9676726,1,0.9234106,0.9787886,1,0.9894949
IMG_0593.png,0.7659062,1,0.3463384,0.9749349,1,0.821182,0.8249814,1,0.5628488,0.9587636,1,0.9072169,0.9248129,1,0.645588,0.9017591,1,0.7737909,1,1,1
IMG_0594.png,0.7927631,1,0.3157895,0.9912882,1,0.9331753,0.9342167,1,0.6500876,0.998052,1,0.9402142,0.9561392,1,0.8034351,0.9767934,1,0.8670996,0.9469406,1,0.8811523
IMG_0595.png,0.795053,1,0.3144877,0.9833873,1,0.9418045,0.9771641,1,0.9092868,0.9933574,1,0.9353217,0.978989,1,0.8821788,0.9781031,1,0.8995791,1.016036,1,1.059279
IMG_0599.png,0.7872339,1,0.3085107,0.9749678,1,0.9284961,0.9482215,1,0.8866016,0.9780606,1,0.946734,0.9579315,1,0.8624527,0.9755234,1,0.8919027,1.107568,1,0.8169548
IMG_0602.png,0.767742,1,0.3,0.9603766,1,0.9334288,0.8594727,1,0.5948832,0.9740966,1,0.9422214,0.8067357,1,0.6775349,0.9510597,1,0.8876095,1.093885,1,0.8931481
IMG_0605.png,0.4451532,1,0.6798474,0.9270139,1,0.9378966,0.7128381,1,0.7932,0.9305591,1,0.9357971,0.8321834,1,0.8712573,0.8673138,1,0.8933684,0.907929,1,0.9100693
IMG_0606.png,0.4344263,1,0.6639344,0.9504218,1,0.9719837,0.878833,1,0.9356095,0.9501278,1,0.9734841,0.8777937,1,0.9066962,0.9016375,1,0.9198462,0.9401067,1,0.9889526
IMG_0611.png,0.5609757,1,0.5670733,0.9370612,1,0.9390191,0.7401224,1,0.7762798,0.9403404,1,0.9413548,0.8535736,1,0.8535458,0.8980298,1,0.8804871,0.9322819,1,0.8438372
IMG_0612.png,0.675141,1,0.3629943,0.9218398,1,0.8665853,0.6936508,1,0.5803344,0.9479067,1,0.9048352,0.7908888,1,0.7201921,0.8902686,1,0.8191234,1,1,0.6954452
IMG_0617.png,0.7733757,1,0.344955,1.000454,1,0.9308168,1.077385,1,0.7241365,1.014623,1,0.9258913,0.9974636,1,0.8160404,1.031054,1,0.8799409,0.9155211,1,0.8974324
IMG_0618.png,0.7814032,1,0.3115824,0.974385,1,0.7757615,0.9028172,1,0.600034,0.9951493,1,0.9204885,0.9794139,1,0.5572812,0.9846405,1,0.8635588,1,1,1
IMG_0619.png,0.8031496,1,0.3044619,0.9781012,1,0.951338,0.9521915,1,0.8699149,0.9779489,1,0.9479005,0.9581282,1,0.8707531,0.9666125,1,0.9002303,0.9072464,1,0.9905258
IMG_0620.png,0.8090554,1,0.3070867,0.9591895,1,0.9184816,0.8832317,1,0.6846855,0.9572674,1,0.9133901,0.93562,1,0.8260784,0.9527605,1,0.8679904,1.067918,1,1.032371
IMG_0622.png,0.7949527,1,0.3101998,0.9656046,1,0.9099574,0.8942263,1,0.7796615,0.9655593,1,0.9208577,0.9244934,1,0.8174271,0.9343713,1,0.8419618,1.159344,1,0.8653811
IMG_0623.png,0.7800687,1,0.3024056,0.9819084,1,0.9658606,0.9712082,1,0.9584077,0.9775293,1,0.956963,0.9503167,1,0.8862306,0.9671935,1,0.9100335,1.028165,1,1.106368
IMG_0626.png,0.6451612,1,0.3064516,0.9696273,1,0.9434646,0.8750248,1,0.7973723,0.9725209,1,0.937915,0.9283422,1,0.842837,0.946795,1,0.8681369,1.042078,1,0.9617691
IMG_0627.png,0.5024875,1,0.597015,0.9413282,1,0.9506861,0.8272144,1,0.8344169,0.9436682,1,0.9533681,0.8491789,1,0.8840361,0.8716959,1,0.8982504,0.9991562,1,1.024084
IMG_0629.png,0.7198515,1,0.3858998,0.9119254,1,0.8892854,0.7262555,1,0.7082819,0.9805076,1,0.938595,0.6010818,1,0.6925877,0.9084358,1,0.8281306,0.8060128,1,1.101015
IMG_0630.png,0.7682119,1,0.2980133,0.9736457,1,0.9245286,0.948762,1,0.8043241,0.9931393,1,0.9562337,0.9659146,1,0.8956271,0.9631839,1,0.9016782,1.011301,1,0.870137
IMG_0631.png,0.7362784,1,0.2811246,0.9583729,1,0.7904513,0.8810456,1,0.5844315,0.9596673,1,0.9046394,0.9088192,1,0.562712,0.9262195,1,0.8016544,1,1,1
IMG_0632.png,0.8333334,1,0.3070175,0.9879238,1,0.9089197,0.9798371,1,0.7835603,0.9909442,1,0.9245758,0.9540004,1,0.7336931,0.9783095,1,0.820689,0.9085605,1,0.8439733
IMG_0633.png,0.6871164,1,0.4171778,0.9366256,1,0.9225624,0.7940782,1,0.7485551,0.9663553,1,0.9497698,0.7318341,1,0.7157998,0.911153,1,0.8831782,0.8585366,1,0.9520151
IMG_0634.png,0.6657143,1,0.44,0.9806933,1,0.9406562,0.9074942,1,0.9339643,0.9769976,1,0.9387796,0.92553,1,0.8531808,0.9419272,1,0.8733053,1.068342,1,1.165985
IMG_0635.png,0.6898732,1,0.4082278,0.8498535,1,0.8310356,0.721165,1,0.6741982,0.949875,1,0.9392055,0.650505,1,0.7505229,0.8868729,1,0.8662286,1,1,0.8758984
IMG_0636.png,0.4423963,1,0.6866358,0.6826232,1,0.8753491,0.5218252,1,0.7791708,0.915174,1,0.9387735,0.5467617,1,0.8089994,0.7643889,1,0.8566367,1,1,1
IMG_0637.png,0.5584416,1,0.5064935,0.9523811,1,0.9238162,0.748791,1,0.7216092,0.9625418,1,0.9475647,0.8169001,1,0.7842168,0.9017805,1,0.8723952,0.7778956,1,0.6751794
IMG_0638.png,0.5129152,1,0.6162361,0.961864,1,0.9465784,0.9067492,1,0.921529,0.9597868,1,0.9535382,0.9162005,1,0.8981683,0.9262265,1,0.905343,0.8793321,1,0.8940349
IMG_0661.png,0.4988292,1,0.6182672,0.9393,1,0.9444691,0.7504839,1,0.7807733,0.9596997,1,0.9504637,0.8415072,1,0.8509059,0.8955068,1,0.8925346,0.9316165,1,0.9340473
IMG_0672.png,0.4659498,1,0.7467145,0.9595142,1,0.9715845,0.7091448,1,0.8994255,0.9738294,1,0.9754409,0.8212245,1,0.9244034,0.9240796,1,0.9430877,0.8835321,1,0.8466739
IMG_0673.png,0.462185,1,0.7454982,0.8907904,1,0.9374553,0.6521279,1,0.7938646,0.9530057,1,0.9713528,0.5789953,1,0.7733783,0.8357104,1,0.9090057,0.9518748,1,0.9510802
IMG_0674.png,0.4609218,1,0.760187,0.9565749,1,0.9756508,0.7219042,1,0.8498213,0.9643144,1,0.9754136,0.880334,1,0.9292618,0.9222322,1,0.9512431,0.9515959,1,1.009308
IMG_0675.png,0.4653926,1,0.7551654,0.932197,1,0.9712789,0.7002878,1,0.921428,0.9492991,1,0.9827015,0.8282616,1,0.9328193,0.8814921,1,0.9451474,0.905415,1,0.9390718
IMG_0677.png,0.4616457,1,0.7622035,0.9396521,1,0.9553146,0.6946768,1,0.8492749,0.9419405,1,0.9662012,0.8069356,1,0.8816474,0.8759406,1,0.9166313,0.9050884,1,0.8803073
IMG_0679.png,0.4644997,1,0.7510694,0.9657797,1,0.9579215,0.83564,1,0.9250785,0.9658299,1,0.9507222,0.8821771,1,0.8712562,0.9327531,1,0.9049266,0.9261791,1,0.9215114
IMG_0680.png,0.462636,1,0.7486414,0.9471557,1,0.9365312,0.7827861,1,0.7101879,0.9567379,1,0.9433414,0.8388259,1,0.8261016,0.8902245,1,0.8720249,0.9897457,1,1.032688
IMG_0681.png,0.4812925,1,0.6173469,0.9330967,1,0.9401225,0.7032636,1,0.7828885,0.93774,1,0.9544878,0.7881879,1,0.8172443,0.8868648,1,0.8928977,0.8825177,1,0.8672133
IMG_0684.png,0.4628098,1,0.7520659,0.9449688,1,0.9561705,0.8435791,1,0.9078914,0.9587525,1,0.9696147,0.8506633,1,0.9149338,0.8982787,1,0.9405341,0.9693791,1,0.9298272
IMG_0685.png,0.5228216,1,0.5809129,0.9509038,1,0.964594,0.8595844,1,0.9869989,0.9537634,1,0.9680298,0.8878899,1,0.9205238,0.9061026,1,0.935064,1.039284,1,0.9986078
IMG_0744.png,0.4450826,1,0.7695622,0.914498,1,0.9364891,0.7477374,1,0.9014548,0.9600775,1,0.9555809,0.7009646,1,0.8199643,0.8976156,1,0.8920037,0.7090945,1,0.8279153
IMG_0745.png,0.4486984,1,0.7748856,0.9517072,1,0.9617097,0.7623918,1,0.7974773,0.9564682,1,0.9608844,0.8957749,1,0.9171199,0.9050084,1,0.9212293,0.9593886,1,0.9723524
IMG_0747.png,0.4541789,1,0.7822581,0.9348007,1,0.9522496,0.7017586,1,0.766714,0.9451648,1,0.9617731,0.8058874,1,0.8436187,0.8891721,1,0.9185186,0.8924768,1,0.8884214
IMG_0749.png,0.4487473,1,0.7790435,0.7663414,1,0.9043308,0.5631401,1,0.8117867,0.9132221,1,0.971745,0.5222815,1,0.8096947,0.6837068,1,0.8752356,0.9166321,1,0.9317093
IMG_0750.png,0.448931,1,0.7854315,0.7136451,1,0.8582508,0.4821988,1,0.7509155,0.9465314,1,0.9752958,0.481981,1,0.7747315,0.726824,1,0.867204,0.6784161,1,0.8686503
IMG_0753.png,0.4615116,1,0.7890133,0.8849262,1,0.9210409,0.6465876,1,0.7628126,0.9280153,1,0.9417758,0.8082451,1,0.8471945,0.8908547,1,0.9249451,0.6577401,1,0.8161746
IMG_0754.png,0.4494624,1,0.7817202,0.9681003,1,0.9622374,0.8343917,1,0.87525,0.9581077,1,0.9496693,0.8903754,1,0.8818223,0.9228607,1,0.9115949,0.9804233,1,1.135803
IMG_0755.png,0.4632653,1,0.7653061,0.734897,1,0.8675724,0.6247533,1,0.8448471,0.9572931,1,0.9727059,0.4931233,1,0.8002364,0.8701556,1,0.912551,0.7571221,1,0.968307
IMG_0756.png,0.4521011,1,0.7747902,0.9460846,1,0.9551435,0.7986964,1,0.8331791,0.948069,1,0.9548333,0.8893827,1,0.9072176,0.9065385,1,0.9231381,0.8522445,1,0.8625331
IMG_0762.png,0.4589372,1,0.763285,0.8629945,1,0.9448399,0.6425112,1,0.8752568,0.9220165,1,0.9678691,0.6060706,1,0.8299401,0.8009038,1,0.9122023,0.9090682,1,1.052962
IMG_0763.png,0.4528044,1,0.7756496,0.9587108,1,0.9746498,0.9217185,1,0.8848649,0.9471805,1,0.9643948,0.8775986,1,0.8947611,0.8944733,1,0.9182862,1.05591,1,1.092253
IMG_0765.png,0.4520409,1,0.7806124,0.9049518,1,0.9446582,0.5874056,1,0.7587826,0.9237833,1,0.9513306,0.8107968,1,0.8987359,0.8407978,1,0.9093163,0.7591365,1,0.8552914
IMG_0766.png,0.4494383,1,0.7814096,0.9413073,1,0.9522163,0.8156784,1,0.7626859,0.9458239,1,0.9589701,0.8647278,1,0.8840201,0.8794249,1,0.8967199,0.8806336,1,0.8901644
IMG_0768.png,0.5080214,1,0.5775401,0.9249502,1,0.9260586,0.6330743,1,0.6371312,0.9434615,1,0.9422192,0.7452352,1,0.7738443,0.8710773,1,0.8692016,0.9741325,1,1.218476
IMG_0771.png,0.5356836,1,0.6362857,0.8402457,1,0.8766035,0.6492595,1,0.7532971,0.9475913,1,0.9555875,0.5765388,1,0.7228405,0.8660204,1,0.8822206,0.7348207,1,0.9417298
IMG_0772.png,0.4485727,1,0.7884003,0.9069179,1,0.9383922,0.6332911,1,0.7624794,0.9111159,1,0.9374449,0.7704365,1,0.8502642,0.8135791,1,0.8779433,0.8546006,1,0.912685
IMG_0774.png,0.4615385,1,0.7716346,0.7796173,1,0.8950195,0.5631222,1,0.8028134,0.9594093,1,0.9699198,0.4714913,1,0.7997743,0.8212299,1,0.9047088,0.8033896,1,0.9154875
IMG_0775.png,0.4547647,1,0.7683957,0.9519052,1,0.9588782,0.8395488,1,0.8184714,0.9581029,1,0.96228,0.8740051,1,0.8992711,0.9045171,1,0.922954,0.9814163,1,0.962523
IMG_0779.png,0.4619845,1,0.7068301,0.9528783,1,0.9509069,0.7992226,1,0.826203,0.9574845,1,0.9627138,0.8778328,1,0.8865817,0.9045108,1,0.9100743,1.163448,1,1.012542
IMG_0780.png,0.4527363,1,0.7810945,0.9596102,1,0.9794797,0.8613796,1,0.9137081,0.9424797,1,0.9777419,0.8854392,1,0.9349283,0.9098408,1,0.9556732,1.054977,1,0.9040093
IMG_0784.png,0.4531178,1,0.786605,0.6194004,1,0.9124933,0.5313495,1,0.8668756,0.8816373,1,0.9573096,0.4924166,1,0.8512247,0.7190982,1,0.8959809,0.9721065,1,1
IMG_0785.png,0.4459204,1,0.7855787,0.8211294,1,0.9262623,0.5832062,1,0.8474673,0.9277218,1,0.9736696,0.5276083,1,0.8169552,0.7940687,1,0.9219611,0.9062665,1,1.045847
IMG_0787.png,0.4456183,1,0.793039,0.948023,1,0.9386701,0.8670217,1,0.9241997,0.9476334,1,0.9433954,0.861876,1,0.8537379,0.8685512,1,0.8610346,0.9525268,1,0.946811
IMG_0788.png,0.4484849,1,0.7941919,0.6918747,1,0.9191867,0.5656805,1,0.8549062,0.9338738,1,0.9636927,0.5024544,1,0.8495224,0.82317,1,0.9032163,0.9460288,1,1
IMG_0789.png,0.4538461,1,0.7320513,0.9438679,1,0.9507596,0.7375038,1,0.7659224,0.9357185,1,0.9546505,0.8269739,1,0.8619274,0.8851089,1,0.9057342,0.8568653,1,0.9534503
IMG_0790.png,0.4777328,1,0.7165992,0.9360037,1,0.9645924,0.7456311,1,0.8061914,0.9384439,1,0.9643073,0.8158974,1,0.8843491,0.8824455,1,0.9158065,0.7749903,1,0.8191033
IMG_0792.png,0.4513275,1,0.7787611,0.9296884,1,0.9554277,0.6008237,1,0.7596161,0.9331823,1,0.9540793,0.7733435,1,0.8538587,0.8563558,1,0.9119811,0.9542112,1,1.014795
IMG_0795.png,0.4545455,1,0.7800983,0.8914911,1,0.9461241,0.6636288,1,0.8424248,0.9397509,1,0.9570522,0.5770678,1,0.8145439,0.8509697,1,0.9109654,0.9145869,1,1.030585
IMG_0796.png,0.4569932,1,0.7666416,0.9615876,1,0.8964959,0.7873158,1,0.7991349,0.9610315,1,0.9611813,0.9220146,1,0.8201823,0.9207664,1,0.9187762,1,1,1
IMG_0797.png,0.4626717,1,0.7554025,0.9339606,1,0.9515531,0.69814,1,0.780103,0.9484636,1,0.9489543,0.8090783,1,0.8366776,0.8865089,1,0.8965424,0.9463535,1,1.024811
IMG_0799.png,0.4467354,1,0.790378,0.9559145,1,0.9756311,0.8444194,1,0.917357,0.9422379,1,0.9718274,0.8804739,1,0.9658896,0.8957082,1,0.9599685,1.054674,1,1.018762
IMG_0800.png,0.4605809,1,0.780083,0.8755213,1,0.938899,0.6299425,1,0.8034775,0.9431738,1,0.9698538,0.5647253,1,0.8494404,0.8445315,1,0.9233971,0.7565358,1,0.808739
IMG_0802.png,0.5152671,1,0.6412213,0.8698178,1,0.912928,0.6020358,1,0.7517533,0.927961,1,0.9438015,0.5966203,1,0.7762736,0.8146115,1,0.8696667,0.8696059,1,1.144295
IMG_0805.png,0.4437595,1,0.7935282,0.8412159,1,0.9193194,0.5356973,1,0.7951784,0.9344326,1,0.9580422,0.529147,1,0.820674,0.8063673,1,0.9050518,0.7503674,1,0.8138931
IMG_0806.png,0.4442529,1,0.7959771,0.7824118,1,0.8760345,0.5605228,1,0.812064,0.9076331,1,0.9241428,0.5744113,1,0.8156231,0.8413179,1,0.8825502,0.7555962,1,0.9142443
IMG_0807.png,0.4408714,1,0.7935684,0.966609,1,0.9584489,0.9452723,1,0.8591746,0.9617602,1,0.9468222,0.8918621,1,0.8973822,0.9037474,1,0.9058055,1.050887,1,0.8912736
IMG_0811.png,0.4429969,1,0.7915309,0.8557484,1,0.9272925,0.6404838,1,0.8292108,0.9275509,1,0.957352,0.5904382,1,0.8386605,0.7773517,1,0.8828031,0.9050669,1,0.8749574
IMG_0816.png,0.4397971,1,0.8022811,0.7995729,1,0.9151696,0.5471411,1,0.8367697,0.9210014,1,0.9650911,0.531911,1,0.8271694,0.7320698,1,0.8806268,0.8342556,1,0.9824605
IMG_0817.png,0.4396324,1,0.8031496,0.7163714,1,0.8870375,0.516656,1,0.8342395,0.9288787,1,0.9724229,0.4607709,1,0.8140601,0.7295169,1,0.8864844,0.8204611,1,1.013696
IMG_0819.png,0.4416058,1,0.8072991,0.924013,1,0.9662096,0.6823985,1,0.9008753,0.9427696,1,0.980611,0.8160943,1,0.9265905,0.8656305,1,0.9477508,0.9766807,1,1.162178
IMG_0820.png,0.4423728,1,0.8050846,0.9214139,1,0.9411624,0.8015097,1,0.9102938,0.9400432,1,0.9572026,0.6712256,1,0.8321482,0.8884599,1,0.9316501,1.102909,1,0.7671231
IMG_0822.png,0.4415585,1,0.8035715,0.8159932,1,0.8942074,0.5592884,1,0.7876245,0.9294448,1,0.9587477,0.5103392,1,0.8228684,0.7372857,1,0.8828292,1,1,0.7965362
IMG_0825.png,0.4363057,1,0.8025476,0.7706025,1,0.8916495,0.5939941,1,0.8623965,0.9260696,1,0.9366861,0.4907079,1,0.813668,0.8102528,1,0.873056,0.6746471,1,0.863508
IMG_0826.png,0.4385082,1,0.8014113,0.7550094,1,0.8984447,0.5567536,1,0.8505762,0.9015467,1,0.9505243,0.4979905,1,0.8247221,0.7116896,1,0.8587939,0.826115,1,1.046517
IMG_0830.png,0.4382717,1,0.7613171,0.9212862,1,0.9639912,0.6504782,1,0.8373179,0.9311999,1,0.9627959,0.7882063,1,0.8784247,0.8645055,1,0.9269621,1.121953,1,1.013953
IMG_0831.png,0.439141,1,0.7852031,0.7669287,1,0.9010255,0.5048595,1,0.8141453,0.9168964,1,0.956731,0.4851717,1,0.8085732,0.7495002,1,0.8901438,0.720788,1,0.935346
IMG_0832.png,0.4397495,1,0.8028164,0.8270345,1,0.9214546,0.5489852,1,0.8136225,0.927542,1,0.9731709,0.5085946,1,0.825612,0.7945352,1,0.9117674,0.8686645,1,0.9798056
IMG_0833.png,0.4353562,1,0.8021108,0.8729319,1,0.9409556,0.7460136,1,0.8540529,0.9105161,1,0.9520372,0.6555425,1,0.8672924,0.7946718,1,0.9062861,0.8692846,1,0.9620863
IMG_0834.png,0.4360313,1,0.8067885,0.8498721,1,0.9556319,0.7598661,1,0.9309478,0.8921384,1,0.9665994,0.6301302,1,0.875855,0.7473741,1,0.9087699,0.8946846,1,0.983657
IMG_0835.png,0.4349174,1,0.804752,0.9182806,1,0.938794,0.6909022,1,0.8172813,0.9349135,1,0.9631837,0.7041062,1,0.835665,0.8679883,1,0.9229487,1.011608,1,0.8593613
IMG_0838.png,0.7603386,1,0.3073308,0.9773112,1,0.9552412,0.9588626,1,0.7810058,0.9731897,1,0.9513784,0.9250233,1,0.8381175,0.9486873,1,0.9076829,1,1,1
IMG_0839.png,0.7575433,1,0.3081897,0.9106529,1,0.7456664,0.7963206,1,0.5026553,0.9494704,1,0.9270308,0.8761165,1,0.5303519,0.900028,1,0.8030843,1,1,1
IMG_0842.png,0.452381,1,0.7751322,0.65464,1,0.875607,0.5059454,1,0.8484399,0.9167737,1,0.9642323,0.4501445,1,0.8338996,0.7523724,1,0.9018714,0.7469139,1,1
IMG_0847.png,0.9426229,1,0.2336066,1.001105,1,0.9361052,0.9807214,1,0.8191491,1.009168,1,0.9369862,0.9989659,1,0.8522048,1.019592,1,0.8840042,1.017567,1,0.9193864
IMG_0853.png,0.9074074,1,0.2469136,0.9858087,1,0.9404108,0.8513254,1,0.8063921,0.9890051,1,0.9410533,0.9486903,1,0.8453689,0.9742537,1,0.8833093,0.9088116,1,0.8459142
IMG_0854.png,0.8032785,1,0.262295,0.9708941,1,0.9115047,0.9271202,1,0.7033056,0.9694691,1,0.9209164,0.9409471,1,0.8060382,0.9594594,1,0.851207,0.8212286,1,0.7679402
IMG_0855.png,0.5537789,1,0.5784882,0.9433439,1,0.924982,0.8429428,1,0.741798,0.9481799,1,0.942358,0.8123011,1,0.7558394,0.8931281,1,0.8580259,0.8533158,1,0.9092391
IMG_0857.png,0.5271565,1,0.6357827,0.9672991,1,0.9696958,0.8093214,1,0.9354817,0.9752406,1,0.9710841,0.8953819,1,0.893815,0.928732,1,0.9240788,0.9493887,1,1.070601
IMG_0860.png,0.4667673,1,0.7401812,0.9338071,1,0.9406215,0.8128091,1,0.8129761,0.9345637,1,0.941015,0.8121407,1,0.8244215,0.8689248,1,0.8798295,0.9979555,1,1.041032
IMG_0863.png,0.6437767,1,0.472103,0.9314056,1,0.9246898,0.8522398,1,0.8972294,0.9604379,1,0.9507459,0.8433765,1,0.8155959,0.9335883,1,0.9085136,0.7680055,1,0.7210187
IMG_0864.png,0.7880393,1,0.3890992,0.9322758,1,0.7983561,0.9089,1,0.6308034,1.004165,1,0.9677314,0.8706433,1,0.522869,0.9906812,1,0.9011284,1,1,0.7530632
IMG_0866.png,0.5931476,1,0.5096359,1.000263,1,0.9654172,0.8685922,1,0.7743471,0.9943265,1,0.9638175,0.8781482,1,0.8128482,0.9769514,1,0.8973237,1.048563,1,1.047653
IMG_0870.png,0.4807018,1,0.6350877,0.7411606,1,0.8360218,0.5277466,1,0.7527653,0.8925876,1,0.9168498,0.5641988,1,0.7531069,0.8091449,1,0.8517732,0.7728237,1,1
IMG_0872.png,0.4893616,1,0.5744681,0.9854453,1,0.9756256,0.9058551,1,0.9349436,0.9889087,1,0.9838858,0.9299959,1,0.9413088,0.9561349,1,0.9628871,0.9494223,1,1.029409
IMG_0873.png,0.4205608,1,0.7102804,0.9317678,1,0.9593304,0.737474,1,0.8561301,0.9501862,1,0.9745899,0.7588113,1,0.8511929,0.8784708,1,0.9263637,0.9762982,1,1.005676
IMG_0874.png,0.4524886,1,0.6606334,0.6711146,1,0.8236024,0.4573919,1,0.7121214,0.8951697,1,0.9508303,0.454077,1,0.732313,0.6182677,1,0.7963858,0.8286165,1,0.8633144
IMG_0881.png,0.438178,1,0.6832974,0.9664541,1,0.981136,0.9095037,1,1.023918,0.9807115,1,0.9840335,0.8693644,1,0.9332867,0.9363564,1,0.9458783,0.9427361,1,1.121717
IMG_0882.png,0.4803257,1,0.632293,0.9317099,1,0.9521404,0.6964271,1,0.7592209,0.9498249,1,0.9630729,0.779838,1,0.829441,0.8692568,1,0.9043063,0.9902718,1,0.9783154
IMG_0884.png,0.4866666,1,0.6333333,0.9579921,1,0.9695978,0.8825925,1,0.9585685,0.9584634,1,0.9756753,0.8870129,1,0.9193502,0.9031371,1,0.9304393,0.9813909,1,0.9625733
IMG_0885.png,0.7901864,1,0.3248731,0.9339966,1,0.7825351,0.8552056,1,0.5401608,0.9614845,1,0.8984128,0.8686645,1,0.583062,0.9307816,1,0.8266703,1,1,1
IMG_0886.png,0.7926136,1,0.3210227,0.8968893,1,0.7188787,0.8655597,1,0.4895268,0.9487601,1,0.8991985,0.8890571,1,0.548332,0.9467541,1,0.8538598,1,1,1
IMG_0891.png,0.4484946,1,0.6576866,0.9546779,1,0.9300155,0.7530468,1,0.6009441,0.9778119,1,0.9621774,0.8029606,1,0.6434318,0.9379128,1,0.8915711,0.8622482,1,0.8879978
IMG_0892.png,0.7730376,1,0.3037543,0.9762909,1,0.9200312,0.8541489,1,0.6093322,0.989063,1,0.9320298,0.9411374,1,0.7870479,0.977792,1,0.8837027,0.8821733,1,0.8978809
IMG_0899.png,0.7971924,1,0.3120125,0.959345,1,0.8987817,0.835756,1,0.5995175,0.9904106,1,0.9502642,0.8324109,1,0.5690311,0.9687766,1,0.8759104,0.9548486,1,0.7511559
