File,GT_R,GT_G,GT_B
CubePlus_0001.tiff,0.16238344,0.45326359,0.38435297
CubePlus_0002.tiff,0.20272769,0.46948682,0.32778548
CubePlus_0003.tiff,0.2039801,0.47142337,0.32459653
CubePlus_0004.tiff,0.20114259,0.46845989,0.33039752
CubePlus_0005.tiff,0.47753165,0.44208861,0.08037975
CubePlus_0006.tiff,0.20460456,0.47116414,0.3242313
CubePlus_0007.tiff,0.21394047,0.4718901,0.31416942
CubePlus_0008.tiff,0.19887955,0.46498599,0.33613445
CubePlus_0009.tiff,0.21114917,0.47212706,0.31672376
CubePlus_0010.tiff,0.38584882,0.46118605,0.15296513
CubePlus_0011.tiff,0.19870816,0.46846741,0.33282443
CubePlus_0012.tiff,0.20660377,0.47248428,0.32091195
CubePlus_0013.tiff,0.20224374,0.46995543,0.32780083
CubePlus_0014.tiff,0.20601972,0.47543012,0.31855016
CubePlus_0015.tiff,0.28492063,0.49920635,0.21587302
CubePlus_0016.tiff,0.20115207,0.47004608,0.32880184
CubePlus_0017.tiff,0.21012531,0.47328321,0.31659148
CubePlus_0018.tiff,0.208744,0.47215904,0.31909696
CubePlus_0019.tiff,0.20108696,0.4698499,0.32906315
CubePlus_0020.tiff,0.47300089,0.43983476,0.08716436
CubePlus_0021.tiff,0.20222377,0.46838082,0.32939541
CubePlus_0022.tiff,0.20224504,0.47337619,0.32437878
CubePlus_0023.tiff,0.20209581,0.46931138,0.32859281
CubePlus_0024.tiff,0.20179509,0.4711102,0.3270947
CubePlus_0025.tiff,0.39111234,0.45901187,0.14987579
CubePlus_0026.tiff,0.20530565,0.46943483,0.32525952
CubePlus_0027.tiff,0.20499244,0.46747352,0.32753404
CubePlus_0028.tiff,0.19937141,0.46857065,0.33205794
CubePlus_0029.tiff,0.16754994,0.45841826,0.3740318
CubePlus_0030.tiff,0.38070404,0.46284224,0.15645372
CubePlus_0031.tiff,0.1998861,0.46697039,0.33314351
CubePlus_0032.tiff,0.18263736,0.4632967,0.35406593
CubePlus_0033.tiff,0.20963855,0.46506024,0.3253012
CubePlus_0034.tiff,0.21305115,0.47160494,0.31534392
CubePlus_0035.tiff,0.47333136,0.45213448,0.07453416
CubePlus_0036.tiff,0.21099821,0.47220562,0.31679617
CubePlus_0037.tiff,0.205625,0.46833333,0.32604167
CubePlus_0038.tiff,0.18488024,0.45883234,0.35628743
CubePlus_0039.tiff,0.2065481,0.46988682,0.32356508
CubePlus_0040.tiff,0.38018079,0.46256183,0.15725738
CubePlus_0041.tiff,0.20362976,0.46950998,0.32686025
CubePlus_0042.tiff,0.20386375,0.4692425,0.32689375
CubePlus_0043.tiff,0.1911913,0.46127984,0.34752886
CubePlus_0044.tiff,0.20357467,0.47106937,0.32535595
CubePlus_0045.tiff,0.3817734,0.46453202,0.15369458
CubePlus_0046.tiff,0.19838126,0.46082314,0.34079559
CubePlus_0047.tiff,0.20738988,0.47178101,0.32082911
CubePlus_0048.tiff,0.20113738,0.47051781,0.32834481
CubePlus_0049.tiff,0.20238437,0.47069808,0.32691755
CubePlus_0050.tiff,0.38396299,0.461835,0.154202
CubePlus_0051.tiff,0.16677169,0.45452636,0.37870195
CubePlus_0052.tiff,0.19591141,0.45400341,0.35008518
CubePlus_0053.tiff,0.205064,0.46939343,0.32554257
CubePlus_0054.tiff,0.19956444,0.46584835,0.33458721
CubePlus_0055.tiff,0.46401419,0.45514445,0.08084136
CubePlus_0056.tiff,0.17142857,0.45793651,0.37063492
CubePlus_0057.tiff,0.20079107,0.46975337,0.32945556
CubePlus_0058.tiff,0.1990593,0.46951117,0.33142953
CubePlus_0059.tiff,0.20438596,0.46842105,0.32719298
CubePlus_0060.tiff,0.27745665,0.49614644,0.22639692
CubePlus_0061.tiff,0.20170597,0.46797123,0.3303228
CubePlus_0062.tiff,0.19976053,0.47096388,0.32927559
CubePlus_0063.tiff,0.1754571,0.45815752,0.36638537
CubePlus_0064.tiff,0.16362696,0.45220541,0.38416764
CubePlus_0065.tiff,0.381337,0.46210689,0.15655611
CubePlus_0066.tiff,0.19896595,0.46817615,0.33285791
CubePlus_0067.tiff,0.18720413,0.46471095,0.34808492
CubePlus_0068.tiff,0.1782742,0.45816908,0.36355672
CubePlus_0069.tiff,0.20374707,0.46771495,0.32853797
CubePlus_0070.tiff,0.39262673,0.45806452,0.14930876
CubePlus_0071.tiff,0.19904159,0.47022078,0.33073763
CubePlus_0072.tiff,0.20271235,0.46776112,0.32952653
CubePlus_0073.tiff,0.20875241,0.47164562,0.31960197
CubePlus_0074.tiff,0.19637053,0.46505959,0.33856988
CubePlus_0075.tiff,0.35380835,0.48321048,0.16298116
CubePlus_0076.tiff,0.21732365,0.47147303,0.31120332
CubePlus_0077.tiff,0.19707082,0.46811272,0.33481646
CubePlus_0078.tiff,0.26798561,0.47661871,0.25539568
CubePlus_0079.tiff,0.19084854,0.46413747,0.345014
CubePlus_0080.tiff,0.24399657,0.49656947,0.25943396
CubePlus_0081.tiff,0.20892857,0.47227891,0.31879252
CubePlus_0082.tiff,0.19766265,0.46673415,0.3356032
CubePlus_0083.tiff,0.20874089,0.47211238,0.31914672
CubePlus_0084.tiff,0.20953576,0.46863237,0.32183187
CubePlus_0085.tiff,0.38175109,0.46159007,0.15665884
CubePlus_0086.tiff,0.2396088,0.47677262,0.28361858
CubePlus_0087.tiff,0.19843103,0.46982385,0.33174512
CubePlus_0088.tiff,0.20063694,0.4656051,0.33375796
CubePlus_0089.tiff,0.20664528,0.47294578,0.32040894
CubePlus_0090.tiff,0.26839378,0.48601036,0.24559585
CubePlus_0091.tiff,0.19650173,0.46848408,0.33501418
CubePlus_0092.tiff,0.18442854,0.46262474,0.35294671
CubePlus_0093.tiff,0.20350519,0.46894674,0.32754807
CubePlus_0094.tiff,0.20669456,0.46945607,0.32384937
CubePlus_0095.tiff,0.37938252,0.46153846,0.15907902
CubePlus_0096.tiff,0.20075758,0.46797521,0.33126722
CubePlus_0097.tiff,0.20387297,0.46568552,0.33044152
CubePlus_0098.tiff,0.20778026,0.47102116,0.32119858
CubePlus_0099.tiff,0.20280112,0.46890756,0.32829132
CubePlus_0100.tiff,0.48492071,0.43899532,0.07608397
CubePlus_0101.tiff,0.20907784,0.47073321,0.32018895
CubePlus_0102.tiff,0.22267853,0.47581565,0.30150582
CubePlus_0103.tiff,0.21398588,0.47765322,0.30836091
CubePlus_0104.tiff,0.20512821,0.47020845,0.32466335
CubePlus_0105.tiff,0.28373854,0.49657883,0.21968263
CubePlus_0106.tiff,0.20216676,0.46817566,0.32965757
CubePlus_0107.tiff,0.19979173,0.46742041,0.33278786
CubePlus_0108.tiff,0.2208589,0.47529868,0.30384243
CubePlus_0109.tiff,0.18361994,0.46196444,0.35441562
CubePlus_0110.tiff,0.38161209,0.4615869,0.15680101
CubePlus_0111.tiff,0.20366599,0.46741344,0.32892057
CubePlus_0112.tiff,0.20626478,0.46985816,0.32387707
CubePlus_0113.tiff,0.17412175,0.45865154,0.36722671
CubePlus_0114.tiff,0.20400684,0.47178109,0.32421207
CubePlus_0115.tiff,0.2909784,0.49174079,0.21728081
CubePlus_0116.tiff,0.20216757,0.46936223,0.3284702
CubePlus_0117.tiff,0.20466321,0.46632124,0.32901554
CubePlus_0118.tiff,0.20011451,0.4673633,0.33252219
CubePlus_0119.tiff,0.19961334,0.46959884,0.33078782
CubePlus_0120.tiff,0.21992925,0.49086085,0.28920991
CubePlus_0121.tiff,0.21026131,0.47512805,0.31461064
CubePlus_0122.tiff,0.22609423,0.47477,0.29913577
CubePlus_0123.tiff,0.22880854,0.47065797,0.30053349
CubePlus_0124.tiff,0.18797327,0.4610245,0.35100223
CubePlus_0125.tiff,0.27600412,0.4953656,0.22863028
CubePlus_0126.tiff,0.19010608,0.46686272,0.34303119
CubePlus_0127.tiff,0.19717405,0.46563905,0.3371869
CubePlus_0128.tiff,0.25485932,0.47546554,0.26967514
CubePlus_0129.tiff,0.19249311,0.47141873,0.33608815
CubePlus_0130.tiff,0.38576721,0.45970979,0.154523
CubePlus_0131.tiff,0.21008075,0.47212816,0.31779109
CubePlus_0132.tiff,0.20614035,0.46798246,0.32587719
CubePlus_0133.tiff,0.20795548,0.47217642,0.3198681
CubePlus_0134.tiff,0.20579043,0.47096562,0.32324395
CubePlus_0135.tiff,0.38908766,0.45930233,0.15161002
CubePlus_0136.tiff,0.18440333,0.46020117,0.3553955
CubePlus_0137.tiff,0.21108704,0.47128927,0.31762369
CubePlus_0138.tiff,0.16913397,0.45558845,0.37527757
CubePlus_0139.tiff,0.20617696,0.46744574,0.3263773
CubePlus_0140.tiff,0.38045007,0.46413502,0.15541491
CubePlus_0141.tiff,0.20167576,0.47057677,0.32774747
CubePlus_0142.tiff,0.20201702,0.46643555,0.33154743
CubePlus_0143.tiff,0.21844127,0.47420417,0.30735456
CubePlus_0144.tiff,0.20246757,0.46947169,0.32806074
CubePlus_0145.tiff,0.23381487,0.4965222,0.26966292
CubePlus_0146.tiff,0.17151024,0.4559314,0.37255836
CubePlus_0147.tiff,0.22134477,0.46750903,0.31114621
CubePlus_0148.tiff,0.20959264,0.47043364,0.31997372
CubePlus_0149.tiff,0.2017846,0.47072636,0.32748904
CubePlus_0150.tiff,0.38297389,0.46197503,0.15505108
CubePlus_0151.tiff,0.20078373,0.46930397,0.3299123
CubePlus_0152.tiff,0.20751897,0.47324929,0.31923175
CubePlus_0153.tiff,0.21378899,0.4746672,0.31154381
CubePlus_0154.tiff,0.21654501,0.47445255,0.30900243
CubePlus_0155.tiff,0.38120752,0.46245502,0.15633747
CubePlus_0156.tiff,0.20508348,0.47121854,0.32369798
CubePlus_0157.tiff,0.17938125,0.46341687,0.35720187
CubePlus_0158.tiff,0.20614732,0.47164812,0.32220456
CubePlus_0159.tiff,0.21313257,0.47485253,0.3120149
CubePlus_0160.tiff,0.28478964,0.49298813,0.22222222
CubePlus_0161.tiff,0.16222791,0.45685019,0.3809219
CubePlus_0162.tiff,0.2041473,0.46996782,0.32588488
CubePlus_0163.tiff,0.20485686,0.47087,0.32427314
CubePlus_0164.tiff,0.19568213,0.46531925,0.33899862
CubePlus_0165.tiff,0.37272156,0.48334381,0.14393463
CubePlus_0166.tiff,0.2025804,0.46986328,0.32755633
CubePlus_0167.tiff,0.20297177,0.46745914,0.32956909
CubePlus_0168.tiff,0.21612011,0.47096009,0.31291979
CubePlus_0169.tiff,0.20336269,0.46917534,0.32746197
CubePlus_0170.tiff,0.37052201,0.48720573,0.14227226
CubePlus_0171.tiff,0.20031285,0.47032241,0.32936473
CubePlus_0172.tiff,0.16699801,0.4546057,0.37839629
CubePlus_0173.tiff,0.20333988,0.47304082,0.3236193
CubePlus_0174.tiff,0.20180723,0.46927711,0.32891566
CubePlus_0175.tiff,0.38074074,0.46148148,0.15777778
CubePlus_0176.tiff,0.20101597,0.46976294,0.32922109
CubePlus_0177.tiff,0.20344758,0.47003407,0.32651834
CubePlus_0178.tiff,0.20213379,0.46900231,0.3288639
CubePlus_0179.tiff,0.19462996,0.46572168,0.33964836
CubePlus_0180.tiff,0.23919523,0.49403875,0.26676602
CubePlus_0181.tiff,0.15604909,0.45061368,0.39333723
CubePlus_0182.tiff,0.20559572,0.47060673,0.32379755
CubePlus_0183.tiff,0.20639417,0.47106435,0.32254148
CubePlus_0184.tiff,0.19140287,0.46998789,0.33860924
CubePlus_0185.tiff,0.37219344,0.48791019,0.13989637
CubePlus_0186.tiff,0.16144068,0.4529661,0.38559322
CubePlus_0187.tiff,0.2036,0.4688,0.3276
CubePlus_0188.tiff,0.21075372,0.4731157,0.31613058
CubePlus_0189.tiff,0.20378151,0.46638655,0.32983193
CubePlus_0190.tiff,0.28908514,0.49827515,0.21263971
CubePlus_0191.tiff,0.21065352,0.47283449,0.31651199
CubePlus_0192.tiff,0.20233625,0.46933667,0.32832708
CubePlus_0193.tiff,0.20723104,0.47001764,0.32275132
CubePlus_0194.tiff,0.20289855,0.46681922,0.33028223
CubePlus_0195.tiff,0.3880597,0.48032564,0.13161465
CubePlus_0196.tiff,0.21970624,0.46878825,0.31150551
CubePlus_0197.tiff,0.16350148,0.45074184,0.38575668
CubePlus_0198.tiff,0.18380241,0.46027187,0.35592571
CubePlus_0199.tiff,0.20645351,0.47018439,0.3233621
CubePlus_0200.tiff,0.25417237,0.49658003,0.24924761
CubePlus_0201.tiff,0.20598911,0.46733212,0.32667877
CubePlus_0202.tiff,0.20886076,0.47081575,0.32032349
CubePlus_0203.tiff,0.21109011,0.47006931,0.31884058
CubePlus_0204.tiff,0.20628183,0.46972269,0.32399547
CubePlus_0205.tiff,0.25952915,0.49383408,0.24663677
CubePlus_0206.tiff,0.18005716,0.46046364,0.3594792
CubePlus_0207.tiff,0.20381956,0.46888377,0.32729667
CubePlus_0208.tiff,0.18359917,0.45977809,0.35662275
CubePlus_0209.tiff,0.19576097,0.46438034,0.3398587
CubePlus_0210.tiff,0.21480844,0.48084374,0.30434783
CubePlus_0211.tiff,0.2113631,0.47112462,0.31751227
CubePlus_0212.tiff,0.20614859,0.47087959,0.32297182
CubePlus_0213.tiff,0.20223923,0.46981293,0.32794785
CubePlus_0214.tiff,0.1761116,0.45684394,0.36704446
CubePlus_0215.tiff,0.38112109,0.46260914,0.15626977
CubePlus_0216.tiff,0.20756235,0.47023331,0.32220434
CubePlus_0217.tiff,0.19896641,0.46511628,0.33591731
CubePlus_0218.tiff,0.20057102,0.46930764,0.33012134
CubePlus_0219.tiff,0.20294229,0.46850245,0.32855526
CubePlus_0220.tiff,0.30065157,0.50418864,0.19515979
CubePlus_0221.tiff,0.2049062,0.47041847,0.32467532
CubePlus_0222.tiff,0.16627451,0.45411765,0.37960784
CubePlus_0223.tiff,0.21578266,0.47322122,0.31099612
CubePlus_0224.tiff,0.20438871,0.47084639,0.32476489
CubePlus_0225.tiff,0.48008596,0.44011461,0.07979943
CubePlus_0226.tiff,0.21302817,0.47036385,0.31660798
CubePlus_0227.tiff,0.20345918,0.4688488,0.32769202
CubePlus_0228.tiff,0.21530383,0.47261815,0.31207802
CubePlus_0229.tiff,0.20233165,0.46955054,0.32811781
CubePlus_0230.tiff,0.225,0.49880952,0.27619048
CubePlus_0231.tiff,0.19906929,0.46716649,0.33376422
CubePlus_0232.tiff,0.21236873,0.47530144,0.31232983
CubePlus_0233.tiff,0.20364912,0.47235088,0.324
CubePlus_0234.tiff,0.18329596,0.46020179,0.35650224
CubePlus_0235.tiff,0.46828194,0.44889868,0.08281938
CubePlus_0236.tiff,0.20333506,0.47008251,0.32658242
CubePlus_0237.tiff,0.17303592,0.46022634,0.36673774
CubePlus_0238.tiff,0.20847419,0.47058824,0.32093757
CubePlus_0239.tiff,0.20753407,0.47480726,0.31765866
CubePlus_0240.tiff,0.38317569,0.46166231,0.155162
CubePlus_0241.tiff,0.20460779,0.46937283,0.32601938
CubePlus_0242.tiff,0.21401435,0.47277332,0.31321233
CubePlus_0243.tiff,0.20126147,0.46731651,0.33142202
CubePlus_0244.tiff,0.18780971,0.46283449,0.3493558
CubePlus_0245.tiff,0.4709778,0.44721465,0.08180756
CubePlus_0246.tiff,0.17561521,0.45973154,0.36465324
CubePlus_0247.tiff,0.20218295,0.4716736,0.32614345
CubePlus_0248.tiff,0.18955224,0.46343284,0.34701493
CubePlus_0249.tiff,0.20951687,0.47293032,0.3175528
CubePlus_0250.tiff,0.26400947,0.50197316,0.23401736
CubePlus_0251.tiff,0.19804287,0.46644921,0.33550792
CubePlus_0252.tiff,0.194626,0.46647301,0.33890099
CubePlus_0253.tiff,0.20171318,0.46587455,0.33241227
CubePlus_0254.tiff,0.18979786,0.46438746,0.34581468
CubePlus_0255.tiff,0.39566396,0.45448749,0.14984856
CubePlus_0256.tiff,0.20320078,0.46880052,0.32799871
CubePlus_0257.tiff,0.20512821,0.46757164,0.32730015
CubePlus_0258.tiff,0.18756128,0.4635103,0.34892842
CubePlus_0259.tiff,0.20585233,0.47277986,0.32136781
CubePlus_0260.tiff,0.28289025,0.49625085,0.2208589
CubePlus_0261.tiff,0.20231868,0.47038032,0.327301
CubePlus_0262.tiff,0.16626127,0.45843468,0.37530405
CubePlus_0263.tiff,0.20285005,0.47122962,0.32592033
CubePlus_0264.tiff,0.18628617,0.46531906,0.34839477
CubePlus_0265.tiff,0.37587658,0.48223469,0.14188873
CubePlus_0266.tiff,0.20443227,0.46987052,0.32569721
CubePlus_0267.tiff,0.21318822,0.47285531,0.31395647
CubePlus_0268.tiff,0.22407504,0.47767935,0.29824561
CubePlus_0269.tiff,0.18477419,0.46193548,0.35329032
CubePlus_0270.tiff,0.22077922,0.49177489,0.28744589
CubePlus_0271.tiff,0.20198511,0.46923077,0.32878412
CubePlus_0272.tiff,0.16282421,0.4573487,0.37982709
CubePlus_0273.tiff,0.1967128,0.46557093,0.33771626
CubePlus_0274.tiff,0.19137056,0.46598985,0.34263959
CubePlus_0275.tiff,0.37630662,0.45993031,0.16376307
CubePlus_0276.tiff,0.17569243,0.459074,0.36523357
CubePlus_0277.tiff,0.18210238,0.46307151,0.3548261
CubePlus_0278.tiff,0.20381345,0.47023963,0.32594692
CubePlus_0279.tiff,0.17016492,0.45802099,0.37181409
CubePlus_0280.tiff,0.28263679,0.49547609,0.22188712
CubePlus_0281.tiff,0.19145049,0.46218487,0.34636463
CubePlus_0282.tiff,0.23850144,0.47446686,0.2870317
CubePlus_0283.tiff,0.20878287,0.47243763,0.3187795
CubePlus_0284.tiff,0.20415369,0.46915888,0.32668744
CubePlus_0285.tiff,0.38694502,0.46162893,0.15142605
CubePlus_0286.tiff,0.21183379,0.46928636,0.31887986
CubePlus_0287.tiff,0.20718954,0.47058824,0.32222222
CubePlus_0288.tiff,0.2149335,0.47934547,0.30572102
CubePlus_0289.tiff,0.20600858,0.46932593,0.32466549
CubePlus_0290.tiff,0.22196952,0.49965886,0.27837162
CubePlus_0291.tiff,0.20331126,0.46865342,0.32803532
CubePlus_0292.tiff,0.20008074,0.47089221,0.32902705
CubePlus_0293.tiff,0.19642857,0.4659749,0.33759653
CubePlus_0294.tiff,0.20317744,0.47313198,0.32369058
CubePlus_0295.tiff,0.30116959,0.50438596,0.19444444
CubePlus_0296.tiff,0.20529801,0.46915301,0.32554897
CubePlus_0297.tiff,0.21904762,0.47333333,0.30761905
CubePlus_0298.tiff,0.15956151,0.45066991,0.38976857
CubePlus_0299.tiff,0.21693122,0.47442681,0.30864198
CubePlus_0300.tiff,0.25484765,0.5,0.24515235
CubePlus_0301.tiff,0.16944938,0.45470693,0.37584369
CubePlus_0302.tiff,0.20256184,0.46969965,0.32773852
CubePlus_0303.tiff,0.20313344,0.4710967,0.32576985
CubePlus_0304.tiff,0.20431115,0.46672915,0.3289597
CubePlus_0305.tiff,0.23645908,0.49654021,0.26700072
CubePlus_0306.tiff,0.20212192,0.47014925,0.32772883
CubePlus_0307.tiff,0.18011027,0.45844395,0.36144578
CubePlus_0308.tiff,0.20582458,0.47160304,0.32257238
CubePlus_0309.tiff,0.20088925,0.4668553,0.33225546
CubePlus_0310.tiff,0.46968239,0.44690407,0.08341354
CubePlus_0311.tiff,0.20210754,0.46582005,0.33207241
CubePlus_0312.tiff,0.18393004,0.46242143,0.35364854
CubePlus_0313.tiff,0.2083935,0.47265343,0.31895307
CubePlus_0314.tiff,0.19864751,0.46703297,0.33431953
CubePlus_0315.tiff,0.31651885,0.51940133,0.16407982
CubePlus_0316.tiff,0.1789925,0.45819936,0.36280815
CubePlus_0317.tiff,0.22004411,0.47635383,0.30360206
CubePlus_0318.tiff,0.20114793,0.46843204,0.33042004
CubePlus_0319.tiff,0.20999372,0.47513335,0.31487292
CubePlus_0320.tiff,0.38632896,0.46048215,0.15318889
CubePlus_0321.tiff,0.18150289,0.45433526,0.36416185
CubePlus_0322.tiff,0.20978628,0.47075366,0.31946007
CubePlus_0323.tiff,0.20592334,0.46898955,0.32508711
CubePlus_0324.tiff,0.18883819,0.46560197,0.34555985
CubePlus_0325.tiff,0.38255034,0.46096786,0.15648181
CubePlus_0326.tiff,0.20032733,0.46775777,0.33191489
CubePlus_0327.tiff,0.20595745,0.47182979,0.32221277
CubePlus_0328.tiff,0.19959103,0.47106209,0.32934688
CubePlus_0329.tiff,0.2030155,0.4697388,0.3272457
CubePlus_0330.tiff,0.22790757,0.49200102,0.28009142
CubePlus_0331.tiff,0.20265549,0.46960168,0.32774284
CubePlus_0332.tiff,0.19760479,0.46506986,0.33732535
CubePlus_0333.tiff,0.19789579,0.47110888,0.33099532
CubePlus_0334.tiff,0.20104819,0.46862717,0.33032465
CubePlus_0335.tiff,0.29802883,0.49897029,0.20300088
CubePlus_0336.tiff,0.1837587,0.46264501,0.35359629
CubePlus_0337.tiff,0.2112813,0.47568685,0.31303185
CubePlus_0338.tiff,0.20634038,0.46829811,0.32536151
CubePlus_0339.tiff,0.2029871,0.46894094,0.32807196
CubePlus_0340.tiff,0.38352045,0.46230954,0.15417001
CubePlus_0341.tiff,0.19977169,0.46518265,0.33504566
CubePlus_0342.tiff,0.15377616,0.44828632,0.39793752
CubePlus_0343.tiff,0.19774011,0.47215496,0.33010492
CubePlus_0344.tiff,0.20510133,0.46750524,0.32739343
CubePlus_0345.tiff,0.28083882,0.49712171,0.22203947
CubePlus_0346.tiff,0.20530499,0.46997989,0.32471512
CubePlus_0347.tiff,0.20487641,0.47260011,0.32252347
CubePlus_0348.tiff,0.20068687,0.46946394,0.32984919
CubePlus_0349.tiff,0.20614985,0.47055002,0.32330013
CubePlus_0350.tiff,0.46305931,0.44745057,0.08949011
CubePlus_0351.tiff,0.19140872,0.46462413,0.34396715
CubePlus_0352.tiff,0.20157631,0.46835443,0.33006926
CubePlus_0353.tiff,0.21623489,0.47219344,0.31157168
CubePlus_0354.tiff,0.22612827,0.46413302,0.30973872
CubePlus_0355.tiff,0.38382327,0.46118641,0.15499032
CubePlus_0356.tiff,0.20819228,0.47291808,0.31888964
CubePlus_0357.tiff,0.20218462,0.46947955,0.32833583
CubePlus_0358.tiff,0.20158103,0.4673913,0.33102767
CubePlus_0359.tiff,0.2,0.46666667,0.33333333
CubePlus_0360.tiff,0.29678312,0.49740574,0.20581114
CubePlus_0361.tiff,0.20254958,0.46671388,0.33073654
CubePlus_0362.tiff,0.20668441,0.47441585,0.31889973
CubePlus_0363.tiff,0.1882969,0.46038251,0.35132058
CubePlus_0364.tiff,0.20016474,0.46952224,0.33031301
CubePlus_0365.tiff,0.2784623,0.49605717,0.22548053
CubePlus_0366.tiff,0.1984127,0.46603175,0.33555556
CubePlus_0367.tiff,0.20235849,0.46957547,0.32806604
CubePlus_0368.tiff,0.20063358,0.47096093,0.32840549
CubePlus_0369.tiff,0.2445336,0.47562688,0.27983952
CubePlus_0370.tiff,0.26560951,0.5024777,0.23191278
CubePlus_0371.tiff,0.2,0.46626506,0.33373494
CubePlus_0372.tiff,0.17979868,0.45609163,0.36410968
CubePlus_0373.tiff,0.17233888,0.44967415,0.37798697
CubePlus_0374.tiff,0.1984418,0.46471127,0.33684693
CubePlus_0375.tiff,0.37999845,0.46275814,0.15724341
CubePlus_0376.tiff,0.19349845,0.46857585,0.3379257
CubePlus_0377.tiff,0.19712352,0.46531303,0.33756345
CubePlus_0378.tiff,0.18035883,0.46270066,0.35694051
CubePlus_0379.tiff,0.20200975,0.46970593,0.32828432
CubePlus_0380.tiff,0.26542751,0.50037175,0.23420074
CubePlus_0381.tiff,0.19565217,0.46245059,0.34189723
CubePlus_0382.tiff,0.19427148,0.46948941,0.3362391
CubePlus_0383.tiff,0.20533446,0.47092859,0.32373695
CubePlus_0384.tiff,0.16840909,0.45886364,0.37272727
CubePlus_0385.tiff,0.27183099,0.4915493,0.23661972
CubePlus_0386.tiff,0.18028534,0.45698227,0.36273238
CubePlus_0387.tiff,0.215427,0.4738292,0.3107438
CubePlus_0388.tiff,0.19547989,0.46874083,0.33577928
CubePlus_0389.tiff,0.2044705,0.46866984,0.32685966
CubePlus_0390.tiff,0.36858476,0.48833593,0.14307932
CubePlus_0391.tiff,0.21378446,0.47343358,0.31278195
CubePlus_0392.tiff,0.20691475,0.46951702,0.32356822
CubePlus_0393.tiff,0.20275229,0.46605505,0.33119266
CubePlus_0394.tiff,0.19861432,0.46546294,0.33592274
CubePlus_0395.tiff,0.38234005,0.46187555,0.1557844
CubePlus_0396.tiff,0.22369801,0.4732611,0.30304089
CubePlus_0397.tiff,0.20271171,0.4698822,0.32740609
CubePlus_0398.tiff,0.20311098,0.46754412,0.3293449
CubePlus_0399.tiff,0.15812939,0.45389869,0.38797192
CubePlus_0400.tiff,0.27491785,0.49616648,0.22891566
CubePlus_0401.tiff,0.1666096,0.4580541,0.3753363
CubePlus_0402.tiff,0.2038835,0.46828479,0.32783172
CubePlus_0403.tiff,0.19214753,0.46638905,0.34146341
CubePlus_0404.tiff,0.1602649,0.45474614,0.38498896
CubePlus_0405.tiff,0.38958641,0.461226,0.14918759
CubePlus_0406.tiff,0.19280922,0.46550196,0.34168882
CubePlus_0407.tiff,0.20067404,0.4680929,0.33123306
CubePlus_0408.tiff,0.20431528,0.46851607,0.32716865
CubePlus_0409.tiff,0.18388246,0.45948353,0.35663402
CubePlus_0410.tiff,0.30483871,0.4983871,0.19677419
CubePlus_0411.tiff,0.1848409,0.45942081,0.35573829
CubePlus_0412.tiff,0.20292416,0.468509,0.32856684
CubePlus_0413.tiff,0.20004933,0.46978293,0.33016774
CubePlus_0414.tiff,0.20433183,0.46832857,0.3273396
CubePlus_0415.tiff,0.45954198,0.44732824,0.09312977
CubePlus_0416.tiff,0.18120301,0.45789474,0.36090226
CubePlus_0417.tiff,0.18154014,0.46411797,0.35434189
CubePlus_0418.tiff,0.19065126,0.46218487,0.34716387
CubePlus_0419.tiff,0.20493786,0.47335057,0.32171157
CubePlus_0420.tiff,0.29738562,0.50373483,0.19887955
CubePlus_0421.tiff,0.20410898,0.46940598,0.32648504
CubePlus_0422.tiff,0.21062475,0.47674889,0.31262636
CubePlus_0423.tiff,0.20741269,0.46935139,0.32323592
CubePlus_0424.tiff,0.20366826,0.46953748,0.32679426
CubePlus_0425.tiff,0.38405797,0.46231884,0.15362319
CubePlus_0426.tiff,0.15585413,0.44952015,0.39462572
CubePlus_0427.tiff,0.21984027,0.47540984,0.30474989
CubePlus_0428.tiff,0.18418418,0.46479813,0.35101768
CubePlus_0429.tiff,0.20107239,0.4691689,0.32975871
CubePlus_0430.tiff,0.27621622,0.5,0.22378378
CubePlus_0431.tiff,0.19571773,0.46562123,0.33866104
CubePlus_0432.tiff,0.1737239,0.45910673,0.36716937
CubePlus_0433.tiff,0.19589754,0.46609088,0.33801158
CubePlus_0434.tiff,0.18022747,0.45844269,0.36132983
CubePlus_0435.tiff,0.38174274,0.46213693,0.15612033
CubePlus_0436.tiff,0.2006079,0.45896657,0.34042553
CubePlus_0437.tiff,0.17647059,0.45766635,0.36586307
CubePlus_0438.tiff,0.20541434,0.4699318,0.32465385
CubePlus_0439.tiff,0.19537214,0.46875,0.33587786
CubePlus_0440.tiff,0.38105568,0.46179802,0.1571463
CubePlus_0441.tiff,0.16093672,0.45266567,0.38639761
CubePlus_0442.tiff,0.21010884,0.47149972,0.31839144
CubePlus_0443.tiff,0.20124224,0.46832298,0.33043478
CubePlus_0444.tiff,0.20305677,0.46943231,0.32751092
CubePlus_0445.tiff,0.38448845,0.46039604,0.15511551
CubePlus_0446.tiff,0.20319099,0.46879399,0.32801502
CubePlus_0447.tiff,0.18139651,0.46603491,0.35256858
CubePlus_0448.tiff,0.16042155,0.45160031,0.38797814
CubePlus_0449.tiff,0.20405797,0.46782609,0.32811594
CubePlus_0450.tiff,0.38517179,0.460217,0.15461121
CubePlus_0451.tiff,0.20425294,0.46950196,0.3262451
CubePlus_0452.tiff,0.20678033,0.47045995,0.32275971
CubePlus_0453.tiff,0.23038481,0.47126437,0.29835082
CubePlus_0454.tiff,0.20263706,0.46703678,0.33032616
CubePlus_0455.tiff,0.3840079,0.46298124,0.15301086
CubePlus_0456.tiff,0.21168501,0.46994073,0.31837426
CubePlus_0457.tiff,0.21081831,0.47087379,0.31830791
CubePlus_0458.tiff,0.20621282,0.46463979,0.32914739
CubePlus_0459.tiff,0.2023988,0.46551724,0.33208396
CubePlus_0460.tiff,0.38223062,0.46200378,0.1557656
CubePlus_0461.tiff,0.18375654,0.46540027,0.35084319
CubePlus_0462.tiff,0.20197597,0.47382209,0.32420194
CubePlus_0463.tiff,0.19901605,0.46690875,0.3340752
CubePlus_0464.tiff,0.19685039,0.46241947,0.34073014
CubePlus_0465.tiff,0.26716247,0.50171625,0.23112128
CubePlus_0466.tiff,0.19842556,0.46804816,0.33352628
CubePlus_0467.tiff,0.21622517,0.47350993,0.3102649
CubePlus_0468.tiff,0.20961305,0.4719764,0.31841055
CubePlus_0469.tiff,0.21448565,0.46675997,0.31875437
CubePlus_0470.tiff,0.26228269,0.49811036,0.23960695
CubePlus_0471.tiff,0.21059349,0.46841098,0.32099553
CubePlus_0472.tiff,0.20068527,0.469163,0.33015174
CubePlus_0473.tiff,0.20171674,0.46738197,0.33090129
CubePlus_0474.tiff,0.20624409,0.4692526,0.32450331
CubePlus_0475.tiff,0.29818182,0.504,0.19781818
CubePlus_0476.tiff,0.21172122,0.47148891,0.31678986
CubePlus_0477.tiff,0.20063694,0.47098372,0.32837933
CubePlus_0478.tiff,0.21282923,0.46771453,0.31945624
CubePlus_0479.tiff,0.2166509,0.47114475,0.31220435
CubePlus_0480.tiff,0.37918871,0.46243386,0.15837743
CubePlus_0481.tiff,0.1785351,0.46083418,0.36063072
CubePlus_0482.tiff,0.19745395,0.46289274,0.3396533
CubePlus_0483.tiff,0.24286708,0.47355602,0.2835769
CubePlus_0484.tiff,0.19359756,0.46443089,0.34197154
CubePlus_0485.tiff,0.3819242,0.46246356,0.15561224
CubePlus_0486.tiff,0.22646007,0.46920938,0.30433055
CubePlus_0487.tiff,0.19931479,0.46977025,0.33091495
CubePlus_0488.tiff,0.20161922,0.4695743,0.32880648
CubePlus_0489.tiff,0.20126517,0.47069455,0.32804028
CubePlus_0490.tiff,0.24623116,0.50125628,0.25251256
CubePlus_0491.tiff,0.19454887,0.46616541,0.33928571
CubePlus_0492.tiff,0.20199275,0.4682971,0.32971014
CubePlus_0493.tiff,0.16487455,0.45519713,0.37992832
CubePlus_0494.tiff,0.1858618,0.46306593,0.35107228
CubePlus_0495.tiff,0.47631408,0.42634653,0.09733939
CubePlus_0496.tiff,0.20141439,0.47028424,0.32830137
CubePlus_0497.tiff,0.2039072,0.46642247,0.32967033
CubePlus_0498.tiff,0.17573222,0.4623431,0.36192469
CubePlus_0499.tiff,0.20372807,0.46907895,0.32719298
CubePlus_0500.tiff,0.38118375,0.46179329,0.15702297
CubePlus_0501.tiff,0.21956088,0.47172322,0.3087159
CubePlus_0502.tiff,0.20728008,0.47067745,0.32204247
CubePlus_0503.tiff,0.1943882,0.46572172,0.33989008
CubePlus_0504.tiff,0.20980775,0.47088325,0.319309
CubePlus_0505.tiff,0.38655462,0.45773604,0.15570934
CubePlus_0506.tiff,0.20558837,0.46955929,0.32485234
CubePlus_0507.tiff,0.21174004,0.47085954,0.31740042
CubePlus_0508.tiff,0.20614079,0.47156853,0.32229068
CubePlus_0509.tiff,0.22273188,0.47935903,0.2979091
CubePlus_0510.tiff,0.23949045,0.50573248,0.25477707
CubePlus_0511.tiff,0.20682232,0.47160126,0.32157642
CubePlus_0512.tiff,0.17023346,0.45817121,0.37159533
CubePlus_0513.tiff,0.20554403,0.47180841,0.32264756
CubePlus_0514.tiff,0.20227859,0.46969046,0.32803095
CubePlus_0515.tiff,0.2388724,0.49777448,0.26335312
CubePlus_0516.tiff,0.22940724,0.47036182,0.30023095
CubePlus_0517.tiff,0.2055814,0.46976744,0.32465116
CubePlus_0518.tiff,0.20121951,0.4695122,0.32926829
CubePlus_0519.tiff,0.2017895,0.46974335,0.32846715
CubePlus_0520.tiff,0.47212469,0.44737518,0.08050013
CubePlus_0521.tiff,0.19537658,0.46756152,0.33706189
CubePlus_0522.tiff,0.20943135,0.46948682,0.32108183
CubePlus_0523.tiff,0.20682819,0.47004405,0.32312775
CubePlus_0524.tiff,0.20632555,0.47011095,0.3235635
CubePlus_0525.tiff,0.3728368,0.46856517,0.15859803
CubePlus_0526.tiff,0.15576471,0.44988235,0.39435294
CubePlus_0527.tiff,0.19090136,0.46598639,0.34311224
CubePlus_0528.tiff,0.17099407,0.45511869,0.37388724
CubePlus_0529.tiff,0.20475698,0.46742503,0.32781799
CubePlus_0530.tiff,0.45887017,0.45787909,0.08325074
CubePlus_0531.tiff,0.17926933,0.45766072,0.36306995
CubePlus_0532.tiff,0.16529146,0.45302103,0.38168752
CubePlus_0533.tiff,0.20576816,0.46866334,0.3255685
CubePlus_0534.tiff,0.20209674,0.46813369,0.32976957
CubePlus_0535.tiff,0.46384595,0.45454545,0.08160859
CubePlus_0536.tiff,0.20313813,0.46763799,0.32922387
CubePlus_0537.tiff,0.20025084,0.46906355,0.33068562
CubePlus_0538.tiff,0.20061118,0.46827251,0.3311163
CubePlus_0539.tiff,0.1615087,0.45228885,0.38620245
CubePlus_0540.tiff,0.23747681,0.49536178,0.26716141
CubePlus_0541.tiff,0.16531687,0.45818992,0.37649322
CubePlus_0542.tiff,0.17067928,0.45657782,0.37274291
CubePlus_0543.tiff,0.18506169,0.4654885,0.34944982
CubePlus_0544.tiff,0.18962848,0.46439628,0.34597523
CubePlus_0545.tiff,0.47150259,0.43828101,0.0902164
CubePlus_0546.tiff,0.20069656,0.46843709,0.33086635
CubePlus_0547.tiff,0.19839712,0.4664704,0.33513248
CubePlus_0548.tiff,0.19322245,0.46510182,0.34167573
CubePlus_0549.tiff,0.22730375,0.47235495,0.3003413
CubePlus_0550.tiff,0.29239766,0.4994152,0.20818713
CubePlus_0551.tiff,0.23324651,0.47667535,0.29007814
CubePlus_0552.tiff,0.18538324,0.45632799,0.35828877
CubePlus_0553.tiff,0.20690979,0.47044146,0.32264875
CubePlus_0554.tiff,0.22212909,0.46269908,0.31517184
CubePlus_0555.tiff,0.2262931,0.49676724,0.27693966
CubePlus_0556.tiff,0.20161912,0.4691596,0.32922128
CubePlus_0557.tiff,0.17206983,0.45885287,0.36907731
CubePlus_0558.tiff,0.20116813,0.46992073,0.32891114
CubePlus_0559.tiff,0.19927176,0.4673949,0.33333333
CubePlus_0560.tiff,0.37852593,0.46041856,0.16105551
CubePlus_0561.tiff,0.21177968,0.47302205,0.31519826
CubePlus_0562.tiff,0.20518111,0.46928015,0.32553874
CubePlus_0563.tiff,0.20466102,0.46949153,0.32584746
CubePlus_0564.tiff,0.21124576,0.47212797,0.31662627
CubePlus_0565.tiff,0.28030303,0.49734848,0.22234848
CubePlus_0566.tiff,0.2005571,0.47032355,0.32911935
CubePlus_0567.tiff,0.20087065,0.46781716,0.33131219
CubePlus_0568.tiff,0.20416038,0.4687133,0.32712632
CubePlus_0569.tiff,0.20322122,0.46849834,0.32828044
CubePlus_0570.tiff,0.24939402,0.49501751,0.25558847
CubePlus_0571.tiff,0.19718585,0.4666797,0.33613445
CubePlus_0572.tiff,0.18373494,0.45843373,0.35783133
CubePlus_0573.tiff,0.1909245,0.45923555,0.34983995
CubePlus_0574.tiff,0.22852059,0.47280122,0.29867819
CubePlus_0575.tiff,0.38450075,0.45901639,0.15648286
CubePlus_0576.tiff,0.20034247,0.46893346,0.33072407
CubePlus_0577.tiff,0.20194384,0.46679266,0.3312635
CubePlus_0578.tiff,0.21724138,0.47344828,0.30931034
CubePlus_0579.tiff,0.17025684,0.45857498,0.37116819
CubePlus_0580.tiff,0.29769618,0.50359971,0.1987041
CubePlus_0581.tiff,0.23152542,0.46983051,0.29864407
CubePlus_0582.tiff,0.19073359,0.45945946,0.34980695
CubePlus_0583.tiff,0.20409859,0.46856826,0.32733315
CubePlus_0584.tiff,0.23393316,0.4714653,0.29460154
CubePlus_0585.tiff,0.38771824,0.4602649,0.15201686
CubePlus_0586.tiff,0.21079258,0.47146534,0.31774208
CubePlus_0587.tiff,0.20394173,0.46700943,0.32904884
CubePlus_0588.tiff,0.20296408,0.46922884,0.32780708
CubePlus_0589.tiff,0.20020679,0.47109691,0.32869631
CubePlus_0590.tiff,0.27920082,0.50102459,0.21977459
CubePlus_0591.tiff,0.20283245,0.46927508,0.32789246
CubePlus_0592.tiff,0.20979316,0.47150696,0.31869987
CubePlus_0593.tiff,0.2124496,0.47429435,0.31325605
CubePlus_0594.tiff,0.20766129,0.46841398,0.32392473
CubePlus_0595.tiff,0.19938885,0.48510313,0.31550802
CubePlus_0596.tiff,0.21699717,0.47478754,0.3082153
CubePlus_0597.tiff,0.23555889,0.47711928,0.28732183
CubePlus_0598.tiff,0.21128319,0.46957965,0.31913717
CubePlus_0599.tiff,0.19388312,0.4653195,0.34079738
CubePlus_0600.tiff,0.38391039,0.4592668,0.15682281
CubePlus_0601.tiff,0.20921771,0.46937538,0.32140691
CubePlus_0602.tiff,0.20949902,0.47245717,0.31804381
CubePlus_0603.tiff,0.21972712,0.47527004,0.30500284
CubePlus_0604.tiff,0.21395881,0.47292143,0.31311976
CubePlus_0605.tiff,0.37912088,0.46043956,0.16043956
CubePlus_0606.tiff,0.16860227,0.4577128,0.37368493
CubePlus_0607.tiff,0.17859405,0.45830695,0.36309901
CubePlus_0608.tiff,0.23010547,0.46979866,0.30009588
CubePlus_0609.tiff,0.19987063,0.46507115,0.33505821
CubePlus_0610.tiff,0.35052265,0.48222997,0.16724739
CubePlus_0611.tiff,0.21416382,0.47013652,0.31569966
CubePlus_0612.tiff,0.20958884,0.47276236,0.31764881
CubePlus_0613.tiff,0.20750293,0.47342712,0.31906995
CubePlus_0614.tiff,0.207684,0.47106928,0.32124672
CubePlus_0615.tiff,0.26401869,0.4953271,0.24065421
CubePlus_0616.tiff,0.1694704,0.45794393,0.37258567
CubePlus_0617.tiff,0.20332481,0.46845695,0.32821824
CubePlus_0618.tiff,0.20164609,0.46881925,0.32953466
CubePlus_0619.tiff,0.20167464,0.47009569,0.32822967
CubePlus_0620.tiff,0.38343641,0.46141436,0.15514923
CubePlus_0621.tiff,0.19892266,0.46633321,0.33474413
CubePlus_0622.tiff,0.19899444,0.46881891,0.33218665
CubePlus_0623.tiff,0.20274709,0.46999104,0.32726187
CubePlus_0624.tiff,0.20292208,0.46753247,0.32954545
CubePlus_0625.tiff,0.37630943,0.48831587,0.1353747
CubePlus_0626.tiff,0.20800652,0.47254762,0.31944586
CubePlus_0627.tiff,0.16731518,0.45358533,0.3790995
CubePlus_0628.tiff,0.21122577,0.47373358,0.31504065
CubePlus_0629.tiff,0.19546599,0.46935348,0.33518052
CubePlus_0630.tiff,0.2688281,0.50050659,0.23066532
CubePlus_0631.tiff,0.18183892,0.46383755,0.35432352
CubePlus_0632.tiff,0.20366599,0.46843177,0.32790224
CubePlus_0633.tiff,0.21062238,0.46834654,0.32103107
CubePlus_0634.tiff,0.20583075,0.47321981,0.32094943
CubePlus_0635.tiff,0.38557335,0.45997089,0.15445577
CubePlus_0636.tiff,0.19760479,0.46781437,0.33458084
CubePlus_0637.tiff,0.18092932,0.45832945,0.36074122
CubePlus_0638.tiff,0.16816278,0.45481747,0.37701975
CubePlus_0639.tiff,0.20856507,0.47024472,0.32119021
CubePlus_0640.tiff,0.37888199,0.46228926,0.15882875
CubePlus_0641.tiff,0.20228735,0.46747677,0.33023588
CubePlus_0642.tiff,0.19673802,0.46381244,0.33944954
CubePlus_0643.tiff,0.17980022,0.4572697,0.36293008
CubePlus_0644.tiff,0.21452894,0.47181233,0.31365872
CubePlus_0645.tiff,0.38305085,0.4779661,0.13898305
CubePlus_0646.tiff,0.20120724,0.46914822,0.32964453
CubePlus_0647.tiff,0.17462087,0.45762712,0.36775201
CubePlus_0648.tiff,0.23274854,0.47017544,0.29707602
CubePlus_0649.tiff,0.21181773,0.47270906,0.31547321
CubePlus_0650.tiff,0.38205365,0.46207216,0.15587419
CubePlus_0651.tiff,0.20134529,0.46928251,0.3293722
CubePlus_0652.tiff,0.2020483,0.46744215,0.33050955
CubePlus_0653.tiff,0.15765799,0.45387508,0.38846693
CubePlus_0654.tiff,0.20026702,0.46595461,0.33377837
CubePlus_0655.tiff,0.38216893,0.46141814,0.15641293
CubePlus_0656.tiff,0.20508501,0.4715883,0.3233267
CubePlus_0657.tiff,0.1979406,0.46668369,0.33537571
CubePlus_0658.tiff,0.20247737,0.4691758,0.32834683
CubePlus_0659.tiff,0.21362799,0.4747698,0.31160221
CubePlus_0660.tiff,0.45630019,0.44255713,0.10114268
CubePlus_0661.tiff,0.23069665,0.47649001,0.29281334
CubePlus_0662.tiff,0.20423689,0.47179307,0.32397004
CubePlus_0663.tiff,0.15752919,0.45500222,0.3874686
CubePlus_0664.tiff,0.20399037,0.46904025,0.32696938
CubePlus_0665.tiff,0.47095371,0.45076111,0.07828518
CubePlus_0666.tiff,0.2026975,0.46936416,0.32793834
CubePlus_0667.tiff,0.20311842,0.46944796,0.32743363
CubePlus_0668.tiff,0.18378209,0.4625861,0.35363181
CubePlus_0669.tiff,0.22021116,0.4725993,0.30718954
CubePlus_0670.tiff,0.21268657,0.49363477,0.29367867
CubePlus_0671.tiff,0.20896314,0.47308406,0.3179528
CubePlus_0672.tiff,0.16798695,0.45864399,0.37336906
CubePlus_0673.tiff,0.2024439,0.47197744,0.32557866
CubePlus_0674.tiff,0.20403023,0.46809404,0.32787573
CubePlus_0675.tiff,0.22893258,0.49297753,0.27808989
CubePlus_0676.tiff,0.20541327,0.47269988,0.32188685
CubePlus_0677.tiff,0.20432017,0.47003995,0.32563989
CubePlus_0678.tiff,0.19966578,0.47236492,0.3279693
CubePlus_0679.tiff,0.20159752,0.47043395,0.32796853
CubePlus_0680.tiff,0.28013468,0.49494949,0.22491582
CubePlus_0681.tiff,0.19964332,0.47002873,0.33032795
CubePlus_0682.tiff,0.20395706,0.46937487,0.32666807
CubePlus_0683.tiff,0.20636323,0.47046693,0.32316983
CubePlus_0684.tiff,0.20566273,0.46935283,0.32498444
CubePlus_0685.tiff,0.49456877,0.42572962,0.07970161
CubePlus_0686.tiff,0.20941638,0.47081903,0.31976459
CubePlus_0687.tiff,0.20821359,0.47158617,0.32020024
CubePlus_0688.tiff,0.20323326,0.4665127,0.33025404
CubePlus_0689.tiff,0.18244514,0.46144201,0.35611285
CubePlus_0690.tiff,0.38206535,0.4621989,0.15573575
CubePlus_0691.tiff,0.17023532,0.45940216,0.37036252
CubePlus_0692.tiff,0.20285014,0.46982855,0.32732131
CubePlus_0693.tiff,0.18065548,0.45723421,0.36211031
CubePlus_0694.tiff,0.20127944,0.47478212,0.32393844
CubePlus_0695.tiff,0.21471653,0.49306393,0.29221954
CubePlus_0696.tiff,0.20741679,0.47057469,0.32200852
CubePlus_0697.tiff,0.20935673,0.47368421,0.31695906
CubePlus_0698.tiff,0.20231142,0.47110724,0.32658133
CubePlus_0699.tiff,0.20481928,0.46787149,0.32730924
CubePlus_0700.tiff,0.25362319,0.50120773,0.24516908
CubePlus_0701.tiff,0.23564696,0.47557841,0.28877464
CubePlus_0702.tiff,0.20226595,0.46964818,0.32808587
CubePlus_0703.tiff,0.20227457,0.46709992,0.33062551
CubePlus_0704.tiff,0.19193234,0.46291477,0.3451529
CubePlus_0705.tiff,0.46983676,0.44381358,0.08634966
CubePlus_0706.tiff,0.20138889,0.46936275,0.32924837
CubePlus_0707.tiff,0.21875,0.47355769,0.30769231
CubePlus_0708.tiff,0.20272206,0.47027221,0.32700573
CubePlus_0709.tiff,0.20637565,0.4715095,0.32211485
CubePlus_0710.tiff,0.33893077,0.48457848,0.17649075
CubePlus_0711.tiff,0.20682068,0.47011368,0.32306564
CubePlus_0712.tiff,0.19955207,0.46898096,0.33146697
CubePlus_0713.tiff,0.18230769,0.46076923,0.35692308
CubePlus_0714.tiff,0.20272769,0.46925566,0.32801664
CubePlus_0715.tiff,0.20389557,0.48570245,0.31040199
CubePlus_0716.tiff,0.20101849,0.46716698,0.33181453
CubePlus_0717.tiff,0.21029389,0.47160043,0.31810568
CubePlus_0718.tiff,0.19071354,0.4616999,0.34758657
CubePlus_0719.tiff,0.18913418,0.46469391,0.34617191
CubePlus_0720.tiff,0.28306809,0.49256457,0.22436734
CubePlus_0721.tiff,0.20596882,0.47144766,0.32258352
CubePlus_0722.tiff,0.20423634,0.46956522,0.32619844
CubePlus_0723.tiff,0.21262038,0.47389762,0.31348201
CubePlus_0724.tiff,0.2116612,0.47214076,0.31619803
CubePlus_0725.tiff,0.38088804,0.46256832,0.15654363
CubePlus_0726.tiff,0.20420792,0.47339109,0.32240099
CubePlus_0727.tiff,0.20199895,0.46940207,0.32859898
CubePlus_0728.tiff,0.20546118,0.47220493,0.3223339
CubePlus_0729.tiff,0.20120321,0.46791444,0.33088235
CubePlus_0730.tiff,0.38042475,0.48476454,0.13481071
CubePlus_0731.tiff,0.20398406,0.46832669,0.32768924
CubePlus_0732.tiff,0.20253479,0.47042744,0.32703777
CubePlus_0733.tiff,0.20376098,0.47012248,0.32611654
CubePlus_0734.tiff,0.20457843,0.46751572,0.32790585
CubePlus_0735.tiff,0.45895118,0.44701627,0.09403255
CubePlus_0736.tiff,0.20739355,0.4690285,0.32357795
CubePlus_0737.tiff,0.20184748,0.46698113,0.33117138
CubePlus_0738.tiff,0.1901246,0.46423627,0.34563913
CubePlus_0739.tiff,0.19960376,0.46557702,0.33481922
CubePlus_0740.tiff,0.28257888,0.49931413,0.218107
CubePlus_0741.tiff,0.20471236,0.47276622,0.32252142
CubePlus_0742.tiff,0.20405728,0.46778043,0.32816229
CubePlus_0743.tiff,0.1978595,0.46542261,0.33671789
CubePlus_0744.tiff,0.18125644,0.45314109,0.36560247
CubePlus_0745.tiff,0.21500514,0.49537513,0.28961973
CubePlus_0746.tiff,0.24632353,0.47426471,0.27941176
CubePlus_0747.tiff,0.19900332,0.46710963,0.33388704
CubePlus_0748.tiff,0.20596672,0.46930579,0.32472748
CubePlus_0749.tiff,0.16631579,0.45263158,0.38105263
CubePlus_0750.tiff,0.38666667,0.45777778,0.15555556
CubePlus_0751.tiff,0.19489173,0.4669628,0.33814547
CubePlus_0752.tiff,0.19489559,0.46403712,0.34106729
CubePlus_0753.tiff,0.17131931,0.45908222,0.36959847
CubePlus_0754.tiff,0.21705138,0.47431124,0.30863738
CubePlus_0755.tiff,0.38248049,0.46053773,0.15698179
CubePlus_0756.tiff,0.21784777,0.47112861,0.31102362
CubePlus_0757.tiff,0.18584953,0.46188341,0.35226707
CubePlus_0758.tiff,0.19619666,0.46846011,0.33534323
CubePlus_0759.tiff,0.23108384,0.47034765,0.29856851
CubePlus_0760.tiff,0.29333333,0.4962963,0.21037037
CubePlus_0761.tiff,0.18187067,0.46016166,0.35796767
CubePlus_0762.tiff,0.16333862,0.45500877,0.3816526
CubePlus_0763.tiff,0.15852614,0.45565553,0.38581834
CubePlus_0764.tiff,0.22720247,0.46213292,0.31066461
CubePlus_0765.tiff,0.38782677,0.45922747,0.15294577
CubePlus_0766.tiff,0.20555801,0.47176886,0.32267314
CubePlus_0767.tiff,0.18786892,0.46244657,0.34968451
CubePlus_0768.tiff,0.21448806,0.47308782,0.31242412
CubePlus_0769.tiff,0.20595099,0.46966161,0.3243874
CubePlus_0770.tiff,0.25667707,0.4960111,0.24731183
CubePlus_0771.tiff,0.20081967,0.46557377,0.33360656
CubePlus_0772.tiff,0.20344828,0.46695402,0.3295977
CubePlus_0773.tiff,0.19982079,0.46729391,0.3328853
CubePlus_0774.tiff,0.20569211,0.46959897,0.32470893
